0.022891 0.63133 0.0111644
0.023119 0.638879 0.0104026
0.023347 0.622271 0.0100988
0.023575 0.604321 0.0099047
0.023803 0.601347 0.00980649
0.024031 0.606046 0.00966611
0.024259 0.598861 0.00948004
0.024487 0.589147 0.00929894
0.024715 0.58735 0.00912463
0.024943 0.59515 0.00911711
0.025171 0.57634 0.00905286
0.025399 0.563721 0.00894921
0.025627 0.553483 0.00856969
0.025855 0.552016 0.00858793
0.026083 0.557616 0.0085177
0.0263109 0.55545 0.00829563
0.0265389 0.551714 0.0082358
0.0267669 0.546647 0.00808707
0.0269949 0.540764 0.00810504
0.0272229 0.535414 0.00802579
0.0274509 0.523486 0.00781526
0.0276789 0.513364 0.00774716
0.0279069 0.517054 0.00761849
0.0281349 0.51285 0.00763319
0.0283629 0.51165 0.00746293
0.0285909 0.496693 0.0073493
0.0288189 0.496233 0.00745113
0.0290469 0.493271 0.00721443
0.0292749 0.49494 0.0072223
0.0295029 0.481733 0.00703744
0.0297309 0.49135 0.0069623
0.0299589 0.495836 0.00703246
0.0301869 0.49855 0.00690741
0.0304149 0.4865 0.00676687
0.0306429 0.479071 0.00671934
0.0308709 0.482736 0.00667041
0.0310989 0.4746 0.00665717
0.0313269 0.461821 0.00652369
0.0315549 0.457411 0.0064928
0.0317829 0.459297 0.00643181
0.0320108 0.455954 0.00640367
0.0322388 0.449397 0.00628876
0.0324668 0.448673 0.00624816
0.0326948 0.436651 0.00628633
0.0329228 0.424211 0.00617563
0.0331508 0.427223 0.00608663
0.0333788 0.43659 0.0059696
0.0336068 0.431519 0.0060226
0.0338348 0.408113 0.00595894
0.0340628 0.411031 0.00596843
0.0342908 0.413544 0.00585537
0.0345188 0.412764 0.00580043
0.0347468 0.413567 0.00581157
0.0349748 0.404727 0.0057313
0.0352028 0.400507 0.00569294
0.0354308 0.39348 0.00565324
0.0356588 0.397011 0.0055806
0.0358868 0.395774 0.00564786
0.0361148 0.401374 0.00546489
0.0363428 0.39427 0.00548536
0.0365708 0.391433 0.00546967
0.0367988 0.388067 0.0054185
0.0370268 0.38557 0.00543826
0.0372548 0.381489 0.0053152
0.0374828 0.37152 0.00533653
0.0377108 0.363246 0.00528426
0.0379387 0.365401 0.00521904
0.0381667 0.3618 0.00522789
0.0383947 0.367046 0.00517151
0.0386227 0.364934 0.00522377
0.0388507 0.357266 0.00507887
0.0390787 0.357709 0.00505633
0.0393067 0.357456 0.00510956
0.0395347 0.364484 0.00499851
0.0397627 0.354704 0.00505104
0.0399907 0.347729 0.00495981
0.0402187 0.346364 0.00491456
0.0404467 0.341377 0.00493304
0.0406747 0.341377 0.00490649
0.0409027 0.33403 0.00486086
0.0411307 0.323806 0.00481579
0.0413587 0.327443 0.00483063
0.0415867 0.329494 0.00480173
0.0418147 0.330516 0.0047936
0.0420427 0.323537 0.00473356
0.0422707 0.325631 0.00470139
0.0424987 0.320276 0.00471334
0.0427267 0.315757 0.0046815
0.0429547 0.314291 0.00457654
0.0431827 0.30519 0.0046091
0.0434107 0.309233 0.00461403
0.0436386 0.310969 0.004599
0.0438666 0.314063 0.00454794
0.0440946 0.312037 0.00455917
0.0443226 0.302211 0.00452146
0.0445506 0.298783 0.00450266
0.0447786 0.295954 0.0044593
0.0450066 0.293299 0.00441673
0.0452346 0.29465 0.00444816
0.0454626 0.292024 0.00445579
0.0456906 0.294141 0.00443496
0.0459186 0.282261 0.0043633
0.0461466 0.285571 0.00434341
0.0463746 0.287821 0.00432774
0.0466026 0.286579 0.00433359
0.0468306 0.279847 0.00430869
0.0470586 0.288694 0.00427051
0.0472866 0.281249 0.00427886
0.0475146 0.27259 0.00429207
0.0477426 0.268773 0.00421667
0.0479706 0.270926 0.00423456
0.0481986 0.26851 0.00419693
0.0484266 0.267297 0.00423907
0.0486546 0.262241 0.00416273
0.0488826 0.258826 0.0041064
0.0491106 0.26343 0.00418661
0.0493386 0.264356 0.00411069
0.0495665 0.266763 0.00413191
0.0497945 0.25959 0.00408359
0.0500225 0.252327 0.00406016
0.0502505 0.249744 0.0040735
0.0504785 0.245663 0.00402726
0.0507065 0.242654 0.00405224
0.0509345 0.245509 0.00401556
0.0511625 0.237931 0.00403216
0.0513905 0.240389 0.00405526
0.0516185 0.246417 0.0039196
0.0518465 0.248403 0.00397234
0.0520745 0.240479 0.00394233
0.0523025 0.229414 0.00393319
0.0525305 0.229761 0.00393207
0.0527585 0.236653 0.003905
0.0529865 0.235051 0.0039254
0.0532145 0.23175 0.00387984
0.0534425 0.2348 0.00386711
0.0536705 0.231929 0.00386473
0.0538985 0.227043 0.00384739
0.0541265 0.221156 0.00388116
0.0543545 0.216957 0.00378803
0.0545825 0.215863 0.0037988
0.0548105 0.221461 0.00380077
0.0550385 0.223057 0.00380539
0.0552664 0.217394 0.00381651
0.0554944 0.217119 0.00372687
0.0557224 0.216233 0.0037119
0.0559504 0.214817 0.00374353
0.0561784 0.213013 0.00375439
0.0564064 0.210577 0.00370589
0.0566344 0.208906 0.00370781
0.0568624 0.201093 0.00371487
0.0570904 0.20238 0.00368314
0.0573184 0.203297 0.0036654
0.0575464 0.198051 0.00364566
0.0577744 0.200101 0.0036756
0.0580024 0.203847 0.0036651
0.0582304 0.200789 0.00362969
0.0584584 0.193491 0.00359441
0.0586864 0.189083 0.0035719
0.0589144 0.183841 0.00363116
0.0591424 0.185131 0.0035994
0.0593704 0.190457 0.00355866
0.0595984 0.187117 0.00359074
0.0598264 0.184607 0.00355811
0.0600544 0.185937 0.00355969
0.0602824 0.183976 0.00352157
0.0605104 0.184249 0.00352743
0.0607384 0.185833 0.00355296
0.0609664 0.183601 0.00350874
0.0611943 0.18212 0.00350696
0.0614223 0.181394 0.00348221
0.0616503 0.180816 0.0034737
0.0618783 0.180814 0.00349864
0.0621063 0.184726 0.00346913
0.0623343 0.176559 0.00346187
0.0625623 0.180453 0.00344567
0.0627903 0.178337 0.00342676
0.0630183 0.171253 0.00342433
0.0632463 0.173391 0.00339526
0.0634743 0.180686 0.00342794
0.0637023 0.174684 0.00340567
0.0639303 0.171464 0.00341293
0.0641583 0.172337 0.00337839
0.0643863 0.175211 0.00337771
0.0646143 0.167374 0.00340123
0.0648423 0.161731 0.00336299
0.0650703 0.16519 0.00334851
0.0652983 0.157566 0.00332807
0.0655263 0.16081 0.00334496
0.0657543 0.161513 0.00331923
0.0659823 0.163206 0.00331551
0.0662103 0.161433 0.00331864
0.0664383 0.154163 0.0033109
0.0666663 0.152863 0.00331823
0.0668942 0.158361 0.00327546
0.0671222 0.156034 0.00326316
0.0673502 0.152371 0.00327486
0.0675782 0.153676 0.00327489
0.0678062 0.15354 0.00328539
0.0680342 0.149094 0.0032223
0.0682622 0.15252 0.00325099
0.0684902 0.150249 0.00323441
0.0687182 0.146977 0.00322106
0.0689462 0.142856 0.00320303
0.0691742 0.144414 0.00321313
0.0694022 0.143759 0.00322769
0.0696302 0.142909 0.0032103
0.0698582 0.143467 0.00319301
0.0700862 0.144511 0.00315383
0.0703142 0.137586 0.00315851
0.0705422 0.14074 0.00318969
0.0707702 0.138097 0.00316503
0.0709982 0.139448 0.00314957
0.0712262 0.136553 0.00313689
0.0714542 0.135883 0.0031465
0.0716822 0.137877 0.00314221
0.0719102 0.142179 0.00310881
0.0721382 0.1392 0.00312673
0.0723662 0.136921 0.00310139
0.0725942 0.135474 0.0031087
0.0728221 0.14063 0.00310349
0.0730501 0.142357 0.00307009
0.0732781 0.136618 0.00311719
0.0735061 0.139513 0.0030864
0.0737341 0.138609 0.0030837
0.0739621 0.134276 0.00306493
0.0741901 0.135386 0.00303416
0.0744181 0.133047 0.00307226
0.0746461 0.132974 0.00304186
0.0748741 0.133059 0.00303453
0.0751021 0.131219 0.0030522
0.0753301 0.127886 0.00301491
0.0755581 0.121756 0.0030385
0.0757861 0.124059 0.00299061
0.0760141 0.125613 0.00300607
0.0762421 0.124977 0.00301309
0.0764701 0.126323 0.00298979
0.0766981 0.126217 0.0029898
0.0769261 0.124595 0.00296109
0.0771541 0.126709 0.00299774
0.0773821 0.127895 0.00298361
0.0776101 0.126232 0.00297044
0.0778381 0.118978 0.002954
0.0780661 0.11227 0.00293951
0.0782941 0.115484 0.00296269
0.078522 0.123501 0.00295849
0.07875 0.128568 0.00292019
0.078978 0.1238 0.00293251
0.079206 0.119635 0.0029501
0.079434 0.116272 0.00293109
0.079662 0.115403 0.00287934
0.07989 0.118286 0.00290207
0.080118 0.114488 0.00291904
0.080346 0.114766 0.00291234
0.080574 0.115075 0.00289486
0.080802 0.114316 0.00288004
0.08103 0.114024 0.00287321
0.081258 0.115198 0.00287413
0.081486 0.114854 0.00286983
0.081714 0.108936 0.00285314
0.081942 0.110831 0.0028597
0.08217 0.10896 0.0028689
0.082398 0.107754 0.00282571
0.082626 0.109478 0.00283676
0.082854 0.109952 0.00284404
0.083082 0.109228 0.00285957
0.08331 0.105718 0.00284591
0.083538 0.104519 0.00278881
0.083766 0.103876 0.00280727
0.083994 0.110923 0.00281321
0.084222 0.108346 0.0028226
0.0844499 0.109092 0.00279723
0.0846779 0.108255 0.00278763
0.0849059 0.103976 0.00281279
0.0851339 0.101637 0.00276961
0.0853619 0.0974721 0.00277684
0.0855899 0.104824 0.00277576
0.0858179 0.104739 0.00277913
0.0860459 0.0997286 0.00278461
0.0862739 0.101096 0.00275014
0.0865019 0.0988003 0.00274337
0.0867299 0.0970864 0.0027398
0.0869579 0.096884 0.00276163
0.0871859 0.0961164 0.00275427
0.0874139 0.102876 0.00158916
0.0876419 0.101352 0.00156506
0.0878699 0.101067 0.00157703
0.0880979 0.100386 0.00157039
0.0883259 0.0973164 0.0015558
0.0885539 0.0955277 0.00156464
0.0887819 0.0976483 0.00155816
0.0890099 0.098583 0.00155893
0.0892379 0.0955397 0.00156027
0.0894659 0.0983937 0.00154014
0.0896939 0.100264 0.00155383
0.0899219 0.0993357 0.00156137
0.0901498 0.0984343 0.0015446
0.0903778 0.097291 0.00154581
0.0906058 0.0958693 0.00153599
0.0908338 0.0948496 0.0015355
0.0910618 0.0958096 0.0015293
0.0912898 0.0943247 0.00152371
0.0915178 0.0929017 0.00153624
0.0917458 0.0916979 0.00152143
0.0919738 0.0914816 0.00153293
0.0922018 0.0908421 0.00151211
0.0924298 0.0899993 0.00152019
0.0926578 0.0912974 0.00152443
0.0928858 0.0917211 0.0015065
0.0931138 0.0910039 0.00151017
0.0933418 0.08917 0.00150407
0.0935698 0.0916697 0.00151521
0.0937978 0.0927727 0.00151266
0.0940258 0.0917636 0.00149139
0.0942538 0.0889124 0.00149944
0.0944818 0.0876984 0.00148906
0.0947098 0.0880041 0.00150716
0.0949378 0.0898236 0.00149416
0.0951658 0.0900211 0.00148846
0.0953938 0.0918506 0.0014904
0.0956218 0.0892206 0.00148071
0.0958498 0.0874487 0.00148686
0.0960777 0.0882631 0.00148034
0.0963057 0.0874884 0.00147757
0.0965337 0.0853719 0.00148417
0.0967617 0.0859463 0.00146249
0.0969897 0.0846069 0.00147236
0.0972177 0.0850379 0.00146683
0.0974457 0.084078 0.0014703
0.0976737 0.0845984 0.00148097
0.0979017 0.0860103 0.00145303
0.0981297 0.0838884 0.00145344
0.0983577 0.0823551 0.001455
0.0985857 0.0821487 0.00146296
0.0988137 0.0823234 0.00146171
0.0990417 0.0823257 0.00144264
0.0992697 0.083708 0.00146141
0.0994977 0.0823796 0.00145017
0.0997257 0.082608 0.00152399
0.0999537 0.0803543 0.00142622
0.100182 0.0788619 0.00142944
0.10041 0.0799134 0.00143894
0.100638 0.081145 0.00143076
0.100866 0.0786523 0.00142196
0.101094 0.0805096 0.00142699
0.101322 0.0803439 0.00142323
0.10155 0.081685 0.00142281
0.101778 0.0792243 0.00141847
0.102006 0.0776491 0.00141226
0.102234 0.0787464 0.00140881
0.102462 0.0794311 0.00141146
0.10269 0.0779201 0.00140778
0.102918 0.078226 0.00141288
0.103146 0.077913 0.00140705
0.103374 0.0766877 0.00141176
0.103602 0.0773007 0.00140185
0.10383 0.076621 0.00138803
0.104058 0.079169 0.00140509
0.104286 0.0781743 0.00139095
0.104514 0.0749526 0.00139936
0.104742 0.0717689 0.00139062
0.10497 0.0723 0.00138213
0.105198 0.0770737 0.00139204
0.105426 0.0777474 0.00138571
0.105654 0.0756664 0.00138798
0.105882 0.0748971 0.00139125
0.10611 0.073511 0.00138157
0.106338 0.0720273 0.00137958
0.106566 0.0715387 0.00136908
0.106794 0.0722594 0.00137297
0.107022 0.07296 0.00138725
0.10725 0.0725609 0.00137743
0.107478 0.074018 0.00137764
0.107706 0.074031 0.00134861
0.107934 0.0733399 0.00136651
0.108162 0.0738353 0.00136849
0.10839 0.0708904 0.00136716
0.108618 0.0705327 0.00136908
0.108846 0.0708617 0.00135555
0.109074 0.070131 0.00136059
0.109302 0.0721559 0.00135439
0.10953 0.0724629 0.00134836
0.109758 0.0723013 0.00136056
0.109986 0.0709757 0.00135191
0.110214 0.0708447 0.0013619
0.110441 0.0701129 0.00133697
0.110669 0.0681157 0.00134559
0.110897 0.0712453 0.00135127
0.111125 0.0708204 0.00134373
0.111353 0.0687303 0.00134876
0.111581 0.0694376 0.00133229
0.111809 0.0683031 0.00133693
0.112037 0.0687764 0.00133904
0.112265 0.0704566 0.00134012
0.112493 0.0687446 0.00133254
0.112721 0.0686581 0.00132998
0.112949 0.0693167 0.00133429
0.113177 0.0679251 0.00133043
0.113405 0.0668026 0.00132019
0.113633 0.0668021 0.00131943
0.113861 0.0663103 0.00132664
0.114089 0.0642931 0.00133613
0.114317 0.0634619 0.00131964
0.114545 0.0620757 0.00132045
0.114773 0.0619801 0.00131139
0.115001 0.0635321 0.0013209
0.115229 0.0641836 0.0013217
0.115457 0.064824 0.0013127
0.115685 0.0656076 0.00131721
0.115913 0.0654086 0.00131386
0.116141 0.0648123 0.00130995
0.116369 0.064216 0.0013025
0.116597 0.0622379 0.00129721
0.116825 0.0636367 0.00130819
0.117053 0.06582 0.00130713
0.117281 0.0656809 0.00130275
0.117509 0.0654427 0.00129456
0.117737 0.0641137 0.00129597
0.117965 0.0625494 0.00130972
0.118193 0.062661 0.00129124
0.118421 0.0633659 0.00129359
0.118649 0.0629241 0.00129381
0.118877 0.0620213 0.0012945
0.119105 0.0594073 0.00129805
0.119333 0.0589124 0.00128475
0.119561 0.059772 0.0012945
0.119789 0.0595003 0.00128475
0.120017 0.0616431 0.001292
0.120245 0.0627059 0.00127678
0.120473 0.0633291 0.00127458
0.120701 0.0614816 0.00128909
0.120929 0.0600844 0.00127887
0.121157 0.0591189 0.00127572
0.121385 0.0585899 0.00127754
0.121613 0.0572141 0.00128076
0.121841 0.0591264 0.00127974
0.122069 0.0588883 0.0012643
0.122297 0.0570397 0.0012727
0.122525 0.0583947 0.00127434
0.122753 0.058535 0.00127367
0.122981 0.0558823 0.0012718
0.123209 0.0546936 0.00125949
0.123437 0.0555223 0.00126686
0.123665 0.0580551 0.0012717
0.123893 0.0562084 0.00126659
0.124121 0.0548959 0.00125675
0.124349 0.0558594 0.00125766
0.124577 0.0581507 0.00126126
0.124805 0.0575996 0.00126506
0.125033 0.0575799 0.00125193
0.125261 0.0591536 0.00125489
0.125489 0.0585723 0.00125871
0.125717 0.056202 0.00125875
0.125945 0.0580316 0.00124071
0.126173 0.0580963 0.0012483
0.126401 0.057605 0.00125223
0.126629 0.056327 0.00125271
0.126857 0.053903 0.00124286
0.127085 0.0542453 0.00125087
0.127313 0.0567583 0.00124502
0.127541 0.0554113 0.00124259
0.127769 0.0556256 0.00124833
0.127997 0.0553099 0.00123078
0.128225 0.055802 0.00124198
0.128453 0.055251 0.00124428
0.128681 0.0537976 0.0012388
0.128909 0.0530347 0.00123706
0.129137 0.0515881 0.00123028
0.129365 0.0519839 0.00124492
0.129593 0.0531861 0.00123816
0.129821 0.0516713 0.00122371
0.130049 0.0525044 0.0012388
0.130277 0.0507937 0.00122418
0.130505 0.0521314 0.00123529
0.130733 0.0526847 0.00123065
0.130961 0.0538846 0.00122614
0.131189 0.0534286 0.00123597
0.131417 0.0508889 0.00122122
0.131645 0.0491266 0.00122447
0.131873 0.0507624 0.00121212
0.132101 0.0512706 0.00122324
0.132329 0.052274 0.00122894
0.132557 0.0521269 0.0012185
0.132785 0.0523577 0.00121954
0.133013 0.0528464 0.00121128
0.133241 0.053379 0.00121574
0.133469 0.0539084 0.0012208
0.133697 0.050981 0.00121057
0.133925 0.0515201 0.00121774
0.134153 0.0533957 0.00121211
0.134381 0.0518226 0.00121328
0.134609 0.0495113 0.00120363
0.134837 0.0501589 0.00120605
0.135065 0.0521709 0.00121252
0.135293 0.0516846 0.0012024
0.135521 0.0497937 0.0012105
0.135749 0.0495791 0.00119644
0.135977 0.0502343 0.00120465
0.136205 0.0504587 0.00120627
0.136433 0.050018 0.00119898
0.136661 0.0493979 0.00119661
0.136889 0.0511644 0.00119626
0.137117 0.0514217 0.00119977
0.137345 0.0495546 0.00119908
0.137573 0.0475446 0.00119181
0.137801 0.0493546 0.00119713
0.138029 0.0503729 0.00119317
0.138257 0.0507164 0.00119553
0.138485 0.048579 0.00118909
0.138713 0.0478796 0.00119009
0.138941 0.0474723 0.00119113
0.139169 0.0475206 0.00118363
0.139397 0.0505559 0.00118806
0.139625 0.0519674 0.00118209
0.139853 0.0505843 0.00119258
0.140081 0.0476696 0.00118839
0.140309 0.047826 0.00118645
0.140537 0.049181 0.00117819
0.140765 0.0505376 0.00118072
0.140993 0.048658 0.00119012
0.141221 0.0477866 0.00118242
0.141449 0.0462409 0.00116964
0.141677 0.0461904 0.00118054
0.141905 0.0452303 0.00117436
0.142133 0.0465899 0.00118196
0.142361 0.0447979 0.00117282
0.142589 0.0435754 0.00117142
0.142817 0.0464546 0.00117104
0.143045 0.0470593 0.00117415
0.143273 0.0467433 0.00117597
0.143501 0.0462141 0.00116602
0.143729 0.0465291 0.00117266
0.143957 0.0464657 0.00116955
0.144185 0.0463929 0.00117515
0.144413 0.0467783 0.00116866
0.144641 0.0474663 0.00116146
0.144869 0.0467397 0.00117004
0.145097 0.0458167 0.00116742
0.145325 0.046473 0.00116309
0.145553 0.0450973 0.00116278
0.145781 0.0450444 0.00116104
0.146009 0.045911 0.00116518
0.146237 0.0457947 0.00115142
0.146465 0.0450016 0.00116238
0.146693 0.0438409 0.00116324
0.146921 0.0450866 0.00115523
0.147149 0.0457666 0.00115797
0.147377 0.0451519 0.00115136
0.147605 0.0451321 0.00116105
0.147833 0.0456474 0.00115933
0.148061 0.0443487 0.00116348
0.148289 0.0444406 0.00114936
0.148517 0.0455701 0.00114375
0.148745 0.0460643 0.00115437
0.148973 0.0461541 0.00114783
0.149201 0.0468573 0.00115178
0.149429 0.0439099 0.0011497
0.149657 0.041955 0.00115325
0.149885 0.0451584 0.0011449
0.150113 0.045392 0.00114024
0.150341 0.042368 0.00114854
0.150569 0.043346 0.00114457
0.150797 0.0440557 0.00115178
0.151025 0.04246 0.00114363
0.151253 0.0420803 0.00113148
0.151481 0.0435753 0.0011466
0.151709 0.0438037 0.00114279
0.151937 0.0425666 0.00114
0.152165 0.0430899 0.0011362
0.152393 0.0425914 0.00113583
0.152621 0.0429867 0.00114553
0.152849 0.0434526 0.00113544
0.153077 0.0416114 0.00113359
0.153305 0.039652 0.0011353
0.153533 0.0391793 0.00113504
0.153761 0.039235 0.00114321
0.153989 0.0396277 0.0011228
0.154217 0.0394971 0.00112813
0.154445 0.0419136 0.00112945
0.154673 0.0415324 0.00113401
0.154901 0.0396783 0.00113442
0.155129 0.0402473 0.00112414
0.155357 0.041337 0.00113076
0.155585 0.0421166 0.00112475
0.155813 0.04153 0.00112631
0.156041 0.041599 0.00112305
0.156269 0.0401181 0.00112604
0.156497 0.0414021 0.00113326
0.156725 0.0410587 0.00112444
0.156953 0.0406499 0.00111565
0.157181 0.041845 0.00112017
0.157409 0.0388743 0.0011203
0.157637 0.0395089 0.00112767
0.157865 0.0390637 0.00111655
0.158093 0.0404323 0.00112291
0.158321 0.0409994 0.00111232
0.158549 0.0412144 0.00111879
0.158777 0.0394173 0.00111779
0.159005 0.0385889 0.00111827
0.159233 0.0395003 0.00111578
0.159461 0.0407266 0.00111586
0.159689 0.0412783 0.00111156
0.159917 0.0394523 0.00110775
0.160145 0.0409236 0.00111977
0.160373 0.040098 0.00111602
0.160601 0.040093 0.00110991
0.160829 0.0408434 0.00110722
0.161057 0.0408679 0.00110392
0.161285 0.0409374 0.00111441
0.161513 0.0386907 0.00110761
0.161741 0.036354 0.00110539
0.161969 0.0368884 0.00111003
0.162197 0.036746 0.00110805
0.162425 0.0382 0.00111042
0.162653 0.037927 0.00109831
0.162881 0.0369546 0.00110063
0.163109 0.0388396 0.00111084
0.163337 0.03893 0.00110231
0.163565 0.0394054 0.00110819
0.163793 0.0398629 0.00109371
0.164021 0.0377194 0.00110338
0.164249 0.0364621 0.00110679
0.164477 0.0375847 0.00109723
0.164705 0.0385049 0.00110175
0.164933 0.0380533 0.00109129
0.165161 0.0376506 0.00110234
0.165389 0.0386371 0.00109877
0.165617 0.0386646 0.00108964
0.165845 0.0391206 0.00109998
0.166073 0.0391083 0.0010945
0.166301 0.0404794 0.00109884
0.166529 0.039691 0.00109321
0.166757 0.0375783 0.00108722
0.166985 0.0374179 0.00109789
0.167213 0.0383567 0.00108937
0.167441 0.0396743 0.00109199
0.167669 0.037737 0.00108552
0.167897 0.0365166 0.0010927
0.168125 0.0356391 0.0010928
0.168353 0.0363186 0.00108569
0.16858 0.0372723 0.00108764
0.168808 0.0363779 0.00108591
0.169036 0.0366934 0.00108855
0.169264 0.0369146 0.00108998
0.169492 0.037471 0.00108011
0.16972 0.0360334 0.00108184
0.169948 0.0364803 0.00108395
0.170176 0.0361064 0.00109079
0.170404 0.037553 0.00108032
0.170632 0.0361516 0.00108395
0.17086 0.03723 0.00108573
0.171088 0.037845 0.00108038
0.171316 0.0373749 0.00107862
0.171544 0.0356769 0.00107433
0.171772 0.0348617 0.00108215
0.172 0.0340156 0.00108415
0.172228 0.0333084 0.00107599
0.172456 0.0326766 0.00107386
0.172684 0.0343139 0.001075
0.172912 0.0356421 0.00108038
0.17314 0.036951 0.00107548
0.173368 0.0364693 0.00107684
0.173596 0.0347774 0.00107227
0.173824 0.0347057 0.0010683
0.174052 0.0342217 0.00107354
0.17428 0.0341979 0.00106704
0.174508 0.0342884 0.0010785
0.174736 0.0336339 0.00107134
0.174964 0.0320706 0.00107221
0.175192 0.0332549 0.00106898
0.17542 0.0331141 0.00106381
0.175648 0.0360334 0.00107568
0.175876 0.0366336 0.00106717
0.176104 0.0345561 0.00106825
0.176332 0.0339379 0.00107
0.17656 0.0342759 0.00106297
0.176788 0.0345009 0.00107446
0.177016 0.0344169 0.00106279
0.177244 0.0345143 0.00106086
0.177472 0.0332967 0.00107199
0.1777 0.0344503 0.00106165
0.177928 0.0352387 0.00106653
0.178156 0.0342696 0.00105438
0.178384 0.033937 0.00106544
0.178612 0.0338979 0.00106871
0.17884 0.0331239 0.00106089
0.179068 0.0318617 0.00106321
0.179296 0.0310859 0.00105112
0.179524 0.0313046 0.00106366
0.179752 0.0328604 0.00106104
0.17998 0.0321854 0.00105668
0.180208 0.0334804 0.00106479
0.180436 0.0326181 0.00105621
0.180664 0.0323684 0.00105859
0.180892 0.033181 0.00105814
0.18112 0.03415 0.00105187
0.181348 0.0344054 0.00105634
0.181576 0.0345167 0.00105832
0.181804 0.0335323 0.00106002
0.182032 0.034331 0.00104854
0.18226 0.0347697 0.00104878
0.182488 0.0351297 0.00105562
0.182716 0.034779 0.00105758
0.182944 0.0336984 0.00105348
0.183172 0.0329263 0.00105157
0.1834 0.0334477 0.00105275
0.183628 0.0325559 0.00104666
0.183856 0.0326396 0.00105134
0.184084 0.0325881 0.00105209
0.184312 0.0307181 0.00105125
0.18454 0.0309084 0.00105112
0.184768 0.0323884 0.00104662
0.184996 0.0326289 0.00104143
0.185224 0.0325834 0.0010448
0.185452 0.0323384 0.00105552
0.18568 0.0343503 0.00105056
0.185908 0.0328407 0.00103902
0.186136 0.0330949 0.00104659
0.186364 0.0313087 0.00104189
0.186592 0.0302587 0.00104731
0.18682 0.0317193 0.00104357
0.187048 0.0305267 0.00103745
0.187276 0.0294361 0.00104726
0.187504 0.0276724 0.00103988
0.187732 0.0290156 0.00103791
0.18796 0.0309996 0.00103995
0.188188 0.030482 0.00104212
0.188416 0.0296747 0.00104634
0.188644 0.0301517 0.00103687
0.188872 0.0315807 0.0010404
0.1891 0.0319246 0.00103761
0.189328 0.031377 0.00103671
0.189556 0.0307943 0.00104503
0.189784 0.0314686 0.00102766
0.190012 0.031882 0.00103901
0.19024 0.030135 0.00103647
0.190468 0.0292177 0.00103942
0.190696 0.0283199 0.0010301
0.190924 0.0284629 0.00103052
0.191152 0.030566 0.00103971
0.19138 0.0303673 0.00103435
0.191608 0.0303439 0.00103639
0.191836 0.029871 0.00103019
0.192064 0.0313333 0.00103128
0.192292 0.0309081 0.00104004
0.19252 0.0305 0.00102958
0.192748 0.0280626 0.00102873
0.192976 0.027348 0.00103066
0.193204 0.0291864 0.00103386
0.193432 0.0300454 0.00103236
0.19366 0.0305737 0.00102339
0.193888 0.0280343 0.00102753
0.194116 0.0271401 0.00102998
0.194344 0.028438 0.0010297
0.194572 0.0301439 0.00102194
0.1948 0.030545 0.00102517
0.195028 0.0303924 0.00103128
0.195256 0.0283443 0.00102386
0.195484 0.0293064 0.00102519
0.195712 0.0307687 0.00102452
0.19594 0.0296956 0.00103065
0.196168 0.0302324 0.0010312
0.196396 0.0301786 0.00102017
0.196624 0.0282797 0.00102085
0.196852 0.0289649 0.00101777
0.19708 0.0308149 0.00102552
0.197308 0.0296936 0.00102872
0.197536 0.0298997 0.0010164
0.197764 0.0308907 0.00102194
0.197992 0.0300483 0.00102188
0.19822 0.0276619 0.00102306
0.198448 0.0270236 0.00101567
0.198676 0.0280309 0.00101867
0.198904 0.0281026 0.00102481
0.199132 0.0280017 0.00101784
0.19936 0.0285159 0.0010177
0.199588 0.0275489 0.00101455
0.199816 0.028084 0.0010169
0.200044 0.0293239 0.00101711
0.200272 0.0295303 0.00101413
0.2005 0.0298926 0.00101961
0.200728 0.0291044 0.00101003
0.200956 0.0297623 0.00101842
0.201184 0.0303596 0.00101666
0.201412 0.0295724 0.00101112
0.20164 0.0290029 0.00101928
0.201868 0.0284203 0.00100857
0.202096 0.0284746 0.00101539
0.202324 0.028811 0.00100985
0.202552 0.0294613 0.00101053
0.20278 0.0296263 0.0010206
0.203008 0.0289816 0.00100756
0.203236 0.0283734 0.00101106
0.203464 0.0290999 0.00100719
0.203692 0.0292274 0.00101057
0.20392 0.0284269 0.00101386
0.204148 0.027287 0.00100414
0.204376 0.0268824 0.00101139
0.204604 0.024869 0.00100881
0.204832 0.0257031 0.00100975
0.20506 0.0260939 0.0010063
0.205288 0.027603 0.00100605
0.205516 0.0265954 0.00101243
0.205744 0.0260711 0.00100656
0.205972 0.0248387 0.0010063
0.2062 0.0258251 0.00100161
0.206428 0.025814 0.00100401
0.206656 0.0265386 0.00100714
0.206884 0.0271871 0.00101003
0.207112 0.0289586 0.00100348
0.20734 0.0291177 0.00100107
0.207568 0.0292034 0.00100592
0.207796 0.02855 0.001002
0.208024 0.0285064 0.00100372
0.208252 0.0256127 0.00100643
0.20848 0.024626 0.001001
0.208708 0.0253943 0.00100446
0.208936 0.0264519 0.000995983
0.209164 0.0276273 0.000998677
0.209392 0.0288621 0.00100096
0.20962 0.0271497 0.00100157
0.209848 0.0272446 0.00100329
0.210076 0.0281146 0.000992733
0.210304 0.0282567 0.000998943
0.210532 0.0273796 0.00099888
0.21076 0.0273017 0.000996661
0.210988 0.0275334 0.000998507
0.211216 0.0271841 0.000997144
0.211444 0.0274381 0.00100067
0.211672 0.0258959 0.000995919
0.2119 0.0254124 0.000992223
0.212128 0.0255887 0.0010003
0.212356 0.0272364 0.000991143
0.212584 0.0276367 0.0010028
0.212812 0.0274323 0.000992629
0.21304 0.026897 0.000989856
0.213268 0.0279261 0.000992834
0.213496 0.0264547 0.000995614
0.213724 0.0246449 0.000997321
0.213952 0.0252059 0.000991011
0.21418 0.0265959 0.000997171
0.214408 0.0255124 0.000993663
0.214636 0.0279856 0.000993291
0.214864 0.0275389 0.00098797
0.215092 0.0271817 0.000988711
0.21532 0.0264859 0.000994226
0.215548 0.0243084 0.000989557
0.215776 0.0252294 0.000988
0.216004 0.0262441 0.000990257
0.216232 0.0265957 0.000992227
0.21646 0.0261497 0.000992773
0.216688 0.02614 0.000986549
0.216916 0.026526 0.000988943
0.217144 0.0259557 0.000986126
0.217372 0.0254796 0.000991271
0.2176 0.0242449 0.000990876
0.217828 0.0235959 0.000980189
0.218056 0.0249241 0.000989704
0.218284 0.0269017 0.000987214
0.218512 0.0263046 0.000986064
0.21874 0.0263116 0.000981537
0.218968 0.026944 0.000982747
0.219196 0.0261703 0.000988323
0.219424 0.0250544 0.000984971
0.219652 0.025186 0.000983219
0.21988 0.0250606 0.000981836
0.220108 0.0264361 0.000983931
0.220336 0.026961 0.000988953
0.220564 0.0259964 0.000979149
0.220792 0.0265724 0.000982166
0.22102 0.0280083 0.000984089
0.221248 0.0287171 0.000983309
0.221476 0.0273833 0.000983877
0.221704 0.0259111 0.00097507
0.221932 0.0263034 0.000986603
0.22216 0.0267441 0.000982023
0.222388 0.025677 0.00098034
0.222616 0.025386 0.000975784
0.222844 0.0246177 0.000973947
0.223072 0.0260284 0.000985551
0.2233 0.0243349 0.000979173
0.223528 0.0242279 0.000975704
0.223756 0.0234596 0.000978
0.223984 0.023879 0.000978011
0.224212 0.0239384 0.000986429
0.22444 0.0240623 0.000971623
0.224668 0.0256204 0.000977831
0.224896 0.0244531 0.000979014
0.225124 0.0252836 0.000978593
0.225352 0.025803 0.000983263
0.22558 0.024683 0.000966657
0.225808 0.0248853 0.000974854
0.226036 0.0240386 0.000978979
0.226264 0.0228886 0.000977167
0.226492 0.0237701 0.000975516
0.226719 0.0231504 0.000968679
0.226947 0.024051 0.000976674
0.227175 0.025802 0.000973813
0.227403 0.0266276 0.000973693
0.227631 0.0257426 0.000971183
0.227859 0.0238589 0.000971507
0.228087 0.0226847 0.000978467
0.228315 0.0251654 0.00096875
0.228543 0.0243856 0.000970889
0.228771 0.0239716 0.000970587
0.228999 0.0230111 0.000972417
0.229227 0.0228991 0.000970069
0.229455 0.023339 0.000970139
0.229683 0.024567 0.000972673
0.229911 0.0250314 0.000968926
0.230139 0.0241536 0.000972653
0.230367 0.0246769 0.000962926
0.230595 0.0233476 0.000975289
0.230823 0.0237521 0.000972967
0.231051 0.0244163 0.000970063
0.231279 0.0257469 0.000966621
0.231507 0.0261981 0.000963839
0.231735 0.024491 0.000973644
0.231963 0.0235274 0.000970109
0.232191 0.02324 0.000962833
0.232419 0.0245009 0.00096789
0.232647 0.0244417 0.000964767
0.232875 0.0239099 0.000975224
0.233103 0.0241297 0.00096136
0.233331 0.023502 0.000963641
0.233559 0.0228229 0.000969433
0.233787 0.024238 0.00096205
0.234015 0.0226801 0.000971331
0.234243 0.0226449 0.000957283
0.234471 0.0236484 0.00096534
0.234699 0.0246291 0.000975476
0.234927 0.0233953 0.000965294
0.235155 0.0228679 0.000967807
0.235383 0.0223077 0.000964189
0.235611 0.0224193 0.000970293
0.235839 0.0216096 0.000971946
0.236067 0.0230974 0.000962906
0.236295 0.0230171 0.000974827
0.236523 0.0218559 0.000967729
0.236751 0.0218141 0.000974911
0.236979 0.0221424 0.000969186
0.237207 0.0227697 0.000966946
0.237435 0.022398 0.000976616
0.237663 0.0219476 0.000970013
0.237891 0.0233037 0.000973993
0.238119 0.0230736 0.00097172
0.238347 0.0228714 0.000974079
0.238575 0.02389 0.000977934
0.238803 0.0239436 0.00097351
0.239031 0.0231849 0.000975117
0.239259 0.0226134 0.000971344
0.239487 0.0239733 0.000980101
0.239715 0.0237196 0.000978781
0.239943 0.021522 0.000971206
0.240171 0.0209203 0.00097864
0.240399 0.0214363 0.000972631
0.240627 0.0224924 0.0009786
0.240855 0.020783 0.000970379
0.241083 0.020308 0.000970246
0.241311 0.0218251 0.000975367
0.241539 0.0219006 0.000973179
0.241767 0.020907 0.000974429
0.241995 0.0220281 0.00096838
0.242223 0.0221929 0.000972904
0.242451 0.021544 0.000972471
0.242679 0.0213241 0.000973861
0.242907 0.021993 0.00097115
0.243135 0.0242769 0.000966683
0.243363 0.0231123 0.00097508
0.243591 0.0229291 0.000972466
0.243819 0.0225034 0.00096697
0.244047 0.0220819 0.000973004
0.244275 0.022496 0.000967777
0.244503 0.0223974 0.000970056
0.244731 0.0208547 0.000964759
0.244959 0.020168 0.000967487
0.245187 0.0198126 0.000972874
0.245415 0.0214961 0.000965894
0.245643 0.0216194 0.000969239
0.245871 0.0218221 0.00096151
0.246099 0.0235084 0.000971376
0.246327 0.022973 0.000968814
0.246555 0.0208913 0.000968999
0.246783 0.021448 0.000965991
0.247011 0.0213226 0.00096096
0.247239 0.0215309 0.000969583
0.247467 0.0229503 0.000968254
0.247695 0.0223287 0.000965854
0.247923 0.0225206 0.000969417
0.248151 0.0204707 0.000959106
0.248379 0.0204311 0.000969139
0.248607 0.0220323 0.000960394
0.248835 0.021166 0.000963194
0.249063 0.0219161 0.000970669
0.249291 0.020707 0.000963309
0.249519 0.0209199 0.00096295
0.249747 0.0207019 0.000956417
0.249975 0.0221083 0.00096279
0.250203 0.0216266 0.00096682
0.250431 0.0209984 0.00096472
0.250659 0.0214299 0.000958161
0.250887 0.0216116 0.00095817
0.251115 0.0211313 0.000963854
0.251343 0.0208069 0.000963813
0.251571 0.0203703 0.000958327
0.251799 0.0215244 0.000957681
0.252027 0.0222111 0.000962703
0.252255 0.0224237 0.000962084
0.252483 0.0222727 0.000953881
0.252711 0.021384 0.000960763
0.252939 0.0214369 0.000957973
0.253167 0.021945 0.000964034
0.253395 0.0228229 0.000960743
0.253623 0.022389 0.000956357
0.253851 0.0225563 0.000957847
0.254079 0.021518 0.000953994
0.254307 0.0203763 0.000960111
0.254535 0.021413 0.00095266
0.254763 0.021668 0.00095623
0.254991 0.0222976 0.00096114
0.255219 0.0208089 0.000950601
0.255447 0.0204379 0.000954457
0.255675 0.02061 0.000951329
0.255903 0.0209721 0.000953809
0.256131 0.0207526 0.00095952
0.256359 0.0212139 0.000945179
0.256587 0.021211 0.000952589
0.256815 0.0215106 0.000948907
0.257043 0.0226581 0.000951131
0.257271 0.0208979 0.000955421
0.257499 0.0210134 0.000941954
0.257727 0.0209646 0.00095433
0.257955 0.0199506 0.000941293
0.258183 0.021299 0.000944083
0.258411 0.0210026 0.000943661
0.258639 0.0198494 0.000940496
0.258867 0.0205861 0.000946551
0.259095 0.0204264 0.000934089
0.259323 0.0206783 0.000935941
0.259551 0.0206126 0.000937454
0.259779 0.0204337 0.000938929
0.260007 0.0199639 0.000941933
0.260235 0.0206951 0.000931006
0.260463 0.0203761 0.000940664
0.260691 0.0190523 0.000938139
0.260919 0.0209854 0.000936606
0.261147 0.0195961 0.000934177
0.261375 0.0196216 0.000932673
0.261603 0.020674 0.000936559
0.261831 0.01906 0.000935046
0.262059 0.0201973 0.000934811
0.262287 0.0205933 0.000933544
0.262515 0.0205277 0.000935703
0.262743 0.0202414 0.000937867
0.262971 0.0195679 0.000934354
0.263199 0.01768 0.000933804
0.263427 0.0179147 0.000932501
0.263655 0.0189344 0.00093441
0.263883 0.0201279 0.000935933
0.264111 0.0205849 0.000929274
0.264339 0.0206861 0.0009339
0.264567 0.0209367 0.000932304
0.264795 0.019663 0.000933336
0.265023 0.0197864 0.000932433
0.265251 0.0199746 0.000931891
0.265479 0.0203876 0.000933276
0.265707 0.0210696 0.000932133
0.265935 0.0215084 0.000932104
0.266163 0.0216937 0.000928337
0.266391 0.0210061 0.000932826
0.266619 0.0201544 0.000933653
0.266847 0.0201723 0.000930364
0.267075 0.0212013 0.00092965
0.267303 0.019998 0.000928047
0.267531 0.019174 0.000932711
0.267759 0.0204517 0.00092788
0.267987 0.0206504 0.000926829
0.268215 0.0195569 0.000930586
0.268443 0.019428 0.000926489
0.268671 0.020804 0.00093039
0.268899 0.0205643 0.000927107
0.269127 0.0193539 0.000929181
0.269355 0.0191694 0.000930824
0.269583 0.0192996 0.000925551
0.269811 0.0188069 0.000929046
0.270039 0.0185487 0.00092276
0.270267 0.0182367 0.000928516
0.270495 0.0183773 0.000928489
0.270723 0.0186979 0.000924467
0.270951 0.0179767 0.000927203
0.271179 0.0188607 0.000925664
0.271407 0.0185533 0.000930343
0.271635 0.0175514 0.000927577
0.271863 0.0184246 0.000926117
0.272091 0.0196096 0.00092872
0.272319 0.0200131 0.000921157
0.272547 0.0203949 0.000926026
0.272775 0.021574 0.000924197
0.273003 0.0212124 0.000927089
0.273231 0.0211917 0.000929486
0.273459 0.0213206 0.000919519
0.273687 0.0205199 0.000924174
0.273915 0.0204711 0.000922546
0.274143 0.020034 0.000926391
0.274371 0.0192459 0.000927774
0.274599 0.0186343 0.000924471
0.274827 0.0182097 0.000922524
0.275055 0.0180356 0.000921793
0.275283 0.016209 0.0009256
0.275511 0.0176227 0.000923341
0.275739 0.0198443 0.000923063
0.275967 0.0188207 0.00092423
0.276195 0.0188757 0.000920721
0.276423 0.0200241 0.000923897
0.276651 0.0194154 0.000918523
0.276879 0.0200173 0.000925181
0.277107 0.0194196 0.0009233
0.277335 0.0180277 0.000924264
0.277563 0.018293 0.000923634
0.277791 0.0187351 0.000915839
0.278019 0.0180823 0.000921881
0.278247 0.0199436 0.000918211
0.278475 0.0192364 0.000923476
0.278703 0.0179433 0.000923689
0.278931 0.0175097 0.00091868
0.279159 0.0196599 0.000924249
0.279387 0.0195193 0.000918094
0.279615 0.0187307 0.000918083
0.279843 0.0176641 0.000925307
0.280071 0.0186367 0.00091627
0.280299 0.0203066 0.000925449
0.280527 0.020146 0.000914011
0.280755 0.0195599 0.000916619
0.280983 0.0191544 0.000922909
0.281211 0.020044 0.000919566
0.281439 0.0192054 0.000926453
0.281667 0.0192817 0.000913511
0.281895 0.0178471 0.000914816
0.282123 0.0172724 0.00091766
0.282351 0.0182451 0.00091792
0.282579 0.018558 0.000924614
0.282807 0.0185937 0.000914157
0.283035 0.0190674 0.000919189
0.283263 0.018535 0.000915281
0.283491 0.0190897 0.000915861
0.283719 0.0184837 0.00092064
0.283947 0.0191874 0.000916227
0.284175 0.0195671 0.000917833
0.284403 0.0177407 0.000916807
0.28463 0.0166913 0.000913224
0.284858 0.0184987 0.000918041
0.285086 0.0196511 0.000917741
0.285314 0.0180943 0.000916157
0.285542 0.0165679 0.00091347
0.28577 0.0175343 0.000916756
0.285998 0.0173163 0.000916173
0.286226 0.0181144 0.000914859
0.286454 0.0186966 0.000913031
0.286682 0.0180001 0.000917707
0.28691 0.018528 0.000918064
0.287138 0.0190217 0.00091398
0.287366 0.0205013 0.000915121
0.287594 0.0186959 0.00091136
0.287822 0.0177849 0.000917929
0.28805 0.0171356 0.000917274
0.288278 0.0171999 0.000910966
0.288506 0.0166173 0.00091482
0.288734 0.0173743 0.000911639
0.288962 0.0178949 0.000915466
0.28919 0.0183973 0.000910847
0.289418 0.0195291 0.000911081
0.289646 0.0193367 0.000915813
0.289874 0.0191399 0.000912649
0.290102 0.019442 0.000915316
0.29033 0.0185663 0.000909661
0.290558 0.0184813 0.000913229
0.290786 0.0191276 0.000917384
0.291014 0.0176284 0.000911476
0.291242 0.0168827 0.000911487
0.29147 0.016129 0.000910476
0.291698 0.0184921 0.000913394
0.291926 0.0176974 0.000915767
0.292154 0.0179494 0.000907849
0.292382 0.0173784 0.000914543
0.29261 0.0184681 0.000908274
0.292838 0.0183837 0.000914316
0.293066 0.0179409 0.000912007
0.293294 0.0187507 0.000906473
0.293522 0.0172219 0.0009161
0.29375 0.0165541 0.000906674
0.293978 0.0169226 0.000912031
0.294206 0.0166056 0.000909211
0.294434 0.0172086 0.00091063
0.294662 0.0180816 0.000914886
0.29489 0.0179286 0.000905947
0.295118 0.0180653 0.000910633
0.295346 0.017862 0.00090851
0.295574 0.0183893 0.000911721
0.295802 0.0183286 0.000915259
0.29603 0.0194196 0.00090294
0.296258 0.0195887 0.000911157
0.296486 0.0172313 0.000907941
0.296714 0.0175713 0.000909919
0.296942 0.0162784 0.000910093
0.29717 0.0162586 0.000908376
0.297398 0.0170021 0.000910917
0.297626 0.0165434 0.00090882
0.297854 0.017774 0.00090584
0.298082 0.0178644 0.000906783
0.29831 0.019085 0.000909309
0.298538 0.0193297 0.000912961
0.298766 0.0191631 0.000905114
0.298994 0.0170974 0.000906486
0.299222 0.0162789 0.00090754
0.29945 0.0162094 0.000911593
0.299678 0.0157563 0.00091024
0.299906 0.0161269 0.000903807
0.300134 0.0150001 0.000907569
0.300362 0.0147047 0.00090485
0.30059 0.0155027 0.000910489
0.300818 0.0170433 0.000905696
0.301046 0.0177274 0.000907223
0.301274 0.0191316 0.000912076
0.301502 0.0182933 0.000905701
0.30173 0.0156894 0.000907216
0.301958 0.0151949 0.000904314
0.302186 0.014615 0.000908009
0.302414 0.0155771 0.00091066
0.302642 0.0184789 0.000903177
0.30287 0.0193686 0.000910034
0.303098 0.0174899 0.000903231
0.303326 0.015563 0.000906826
0.303554 0.015029 0.000908563
0.303782 0.0150856 0.000900791
0.30401 0.0172171 0.000908999
0.304238 0.0173751 0.00090511
0.304466 0.0176567 0.000907286
0.304694 0.0167116 0.000901884
0.304922 0.0172461 0.000902233
0.30515 0.0163811 0.000910646
0.305378 0.0176144 0.00090443
0.305606 0.0170181 0.000903309
0.305834 0.0159873 0.00090152
0.306062 0.01587 0.000904491
0.30629 0.0164037 0.000908559
0.306518 0.0161486 0.00090472
0.306746 0.0172421 0.000907213
0.306974 0.0178996 0.000904159
0.307202 0.0171893 0.000902406
0.30743 0.0166134 0.00089999
0.307658 0.0157046 0.000904157
0.307886 0.015769 0.0009083
0.308114 0.0166189 0.000905699
0.308342 0.0157756 0.000907403
0.30857 0.0168781 0.000900397
0.308798 0.0175719 0.000903481
0.309026 0.0167384 0.000906644
0.309254 0.0168016 0.000902904
0.309482 0.0169159 0.000903444
0.30971 0.0170513 0.000900564
0.309938 0.0178203 0.000905694
0.310166 0.0179396 0.000902993
0.310394 0.0180257 0.000903063
0.310622 0.0179723 0.000904327
0.31085 0.0165309 0.000897647
0.311078 0.0155106 0.00090466
0.311306 0.0154304 0.000901856
0.311534 0.0158157 0.000903224
0.311762 0.0159361 0.000904373
0.31199 0.0173037 0.000898397
0.312218 0.0180193 0.00090641
0.312446 0.0173581 0.0009033
0.312674 0.0165306 0.000906063
0.312902 0.0163919 0.000900874
0.31313 0.0164967 0.000900346
0.313358 0.01829 0.000903551
0.313586 0.0187217 0.000901221
0.313814 0.0172057 0.000905201
0.314042 0.0169263 0.000900199
0.31427 0.0165737 0.000898894
0.314498 0.0169639 0.000903901
0.314726 0.0172204 0.000900041
0.314954 0.0183509 0.00090637
0.315182 0.0167886 0.000901367
0.31541 0.0154153 0.000901549
0.315638 0.0172689 0.000903256
0.315866 0.0164753 0.000902487
0.316094 0.0155876 0.000906709
0.316322 0.0156536 0.000894827
0.31655 0.0159256 0.000902213
0.316778 0.0155451 0.000903011
0.317006 0.0155571 0.000900997
0.317234 0.0161107 0.000902827
0.317462 0.0154094 0.000898776
0.31769 0.0149636 0.000902916
0.317918 0.0165437 0.00090329
0.318146 0.0162009 0.000901677
0.318374 0.0165116 0.000904323
0.318602 0.0163783 0.000897453
0.31883 0.014849 0.000901699
0.319058 0.0144316 0.000898701
0.319286 0.0150841 0.000899889
0.319514 0.0156214 0.000901917
0.319742 0.0152436 0.000903564
0.31997 0.0171399 0.000906414
0.320198 0.016316 0.000895813
0.320426 0.0158641 0.000900206
0.320654 0.0183651 0.000902914
0.320882 0.0175396 0.000902417
0.32111 0.0184139 0.000903373
0.321338 0.0183287 0.000894066
0.321566 0.0172327 0.000901631
0.321794 0.0164534 0.000899667
0.322022 0.0167509 0.000900686
0.32225 0.0161933 0.000899483
0.322478 0.016777 0.000900774
0.322706 0.0167103 0.000900487
0.322934 0.0171247 0.000897441
0.323162 0.017004 0.00090439
0.32339 0.0157887 0.000899721
0.323618 0.0146456 0.000902981
0.323846 0.0154377 0.000901733
0.324074 0.0165793 0.000895374
0.324302 0.0173427 0.000902221
0.32453 0.0171224 0.000900623
0.324758 0.0169566 0.000903183
0.324986 0.0150701 0.000898453
0.325214 0.0151193 0.000895996
0.325442 0.0157664 0.000903367
0.32567 0.0154421 0.000897257
0.325898 0.0142241 0.000900409
0.326126 0.0175269 0.000898534
0.326354 0.0178967 0.000899493
0.326582 0.0176261 0.000906777
0.32681 0.0148357 0.00089457
0.327038 0.0134851 0.000900419
0.327266 0.0138665 0.000900886
0.327494 0.0143063 0.000899233
0.327722 0.0171884 0.000904231
0.32795 0.0170864 0.000891726
0.328178 0.0175174 0.000902311
0.328406 0.0166056 0.000897393
0.328634 0.015926 0.000898636
0.328862 0.0147873 0.000900687
0.32909 0.0149559 0.000900853
0.329318 0.0145209 0.000904011
0.329546 0.015916 0.000898473
0.329774 0.0154214 0.000897664
0.330002 0.0152966 0.000899713
0.33023 0.0150207 0.000898931
0.330458 0.0150997 0.000903914
0.330686 0.0148913 0.000896034
0.330914 0.0148121 0.000899156
0.331142 0.0155269 0.00089835
0.33137 0.0153144 0.000902179
0.331598 0.0158347 0.000899037
0.331826 0.0172473 0.000897283
0.332054 0.0160241 0.000902466
0.332282 0.0143801 0.000899141
0.33251 0.0131939 0.000898477
0.332738 0.013591 0.000894704
0.332966 0.0153237 0.000900154
0.333194 0.015653 0.000902843
0.333422 0.0162077 0.000895933
0.33365 0.0155781 0.000898234
0.333878 0.0158933 0.000896329
0.334106 0.0170284 0.000901464
0.334334 0.0172769 0.000903437
0.334562 0.017133 0.000894533
0.33479 0.0161503 0.0009004
0.335018 0.0162064 0.000900626
0.335246 0.0157886 0.000902349
0.335474 0.0170597 0.000900859
0.335702 0.0170881 0.000896714
0.33593 0.0157296 0.000900307
0.336158 0.0151476 0.000898314
0.336386 0.0156001 0.000904424
0.336614 0.0157606 0.00089657
0.336842 0.015768 0.000895791
0.33707 0.0158311 0.000902861
0.337298 0.0163909 0.000896626
0.337526 0.0163944 0.00089832
0.337754 0.0164744 0.000896951
0.337982 0.0148459 0.000901806
0.33821 0.0156576 0.000900959
0.338438 0.0161143 0.000897551
0.338666 0.0165536 0.000900886
0.338894 0.0153676 0.000896897
0.339122 0.0150431 0.000903136
0.33935 0.0160903 0.000896817
0.339578 0.0160447 0.000897884
0.339806 0.0158556 0.00090318
0.340034 0.0141393 0.000895766
0.340262 0.0137783 0.000903367
0.34049 0.0143189 0.000895214
0.340718 0.0138173 0.000900536
0.340946 0.014573 0.000901564
0.341174 0.0144247 0.000895489
0.341402 0.0150051 0.000899061
0.34163 0.0147487 0.000895217
0.341858 0.0139858 0.000901343
0.342086 0.013813 0.000902881
0.342314 0.0153737 0.000894266
0.342542 0.0147409 0.000904517
0.342769 0.0140103 0.000896749
0.342997 0.0141501 0.000900964
0.343225 0.0147496 0.000896964
0.343453 0.0150536 0.000897403
0.343681 0.0152963 0.000904101
0.343909 0.0156639 0.000897576
0.344137 0.0154973 0.000897749
0.344365 0.0131036 0.00089571
0.344593 0.0128632 0.00090087
0.344821 0.0138017 0.000900611
0.345049 0.0160376 0.000900041
0.345277 0.0150987 0.000898624
0.345505 0.0137186 0.00089702
0.345733 0.0129548 0.000903314
0.345961 0.0141951 0.00090006
0.346189 0.0150333 0.000900576
0.346417 0.0157506 0.000899996
0.346645 0.0146853 0.000895461
0.346873 0.0157 0.000902031
0.347101 0.0153521 0.000898286
0.347329 0.0150971 0.000897733
0.347557 0.0150026 0.000902203
0.347785 0.014083 0.000899213
0.348013 0.0130426 0.000899556
0.348241 0.0139036 0.00089458
0.348469 0.0148813 0.00090118
0.348697 0.0158711 0.000900674
0.348925 0.014692 0.000903084
0.349153 0.0146909 0.000901841
0.349381 0.0151056 0.000894064
0.349609 0.0151523 0.000903504
0.349837 0.0149924 0.000898743
0.350065 0.014916 0.000899623
0.350293 0.0156023 0.000904783
0.350521 0.0159939 0.000894721
0.350749 0.0161691 0.000901696
0.350977 0.0154064 0.000895931
0.351205 0.0144529 0.000900666
0.351433 0.014068 0.000901679
0.351661 0.0154824 0.00090041
0.351889 0.0149737 0.000902337
0.352117 0.0153591 0.000893556
0.352345 0.0139025 0.000901893
0.352573 0.0142086 0.000900896
0.352801 0.0136561 0.00090308
0.353029 0.0121291 0.00090162
0.353257 0.012228 0.000896689
0.353485 0.0129672 0.000900626
0.353713 0.0139436 0.000898321
0.353941 0.0143996 0.000898876
0.354169 0.0139447 0.000901713
0.354397 0.0138117 0.000900131
0.354625 0.0137308 0.00090393
0.354853 0.014114 0.000897599
0.355081 0.0151159 0.000902006
0.355309 0.0142634 0.000900543
0.355537 0.0141069 0.000902854
0.355765 0.014257 0.000903111
0.355993 0.0146614 0.000898616
0.356221 0.0139079 0.000903744
0.356449 0.0132757 0.000897223
0.356677 0.0150584 0.000902874
0.356905 0.0137989 0.00090242
0.357133 0.013186 0.00089933
0.357361 0.0137471 0.000904286
0.357589 0.0139935 0.000898376
0.357817 0.0138346 0.00089792
0.358045 0.0139631 0.000899741
0.358273 0.0139338 0.000903141
0.358501 0.0136009 0.000905747
0.358729 0.0143061 0.000896217
0.358957 0.0154776 0.000902657
0.359185 0.0140263 0.000900844
0.359413 0.0153527 0.000901914
0.359641 0.015808 0.000903857
0.359869 0.0159467 0.00089835
0.360097 0.01419 0.000903786
0.360325 0.0136758 0.000900204
0.360553 0.0143301 0.0009022
0.360781 0.0152196 0.000900959
0.361009 0.0144447 0.000901136
0.361237 0.0156591 0.000906966
0.361465 0.0163381 0.000901363
0.361693 0.01521 0.000903197
0.361921 0.0148619 0.000901437
0.362149 0.0156417 0.000904974
0.362377 0.0152764 0.000907433
0.362605 0.0138711 0.000896919
0.362833 0.0135827 0.00090453
0.363061 0.0136323 0.000902234
0.363289 0.013934 0.000905333
0.363517 0.013752 0.000903177
0.363745 0.0141652 0.00089878
0.363973 0.0142666 0.000906884
0.364201 0.0143803 0.00090245
0.364429 0.0145907 0.000907517
0.364657 0.0152951 0.000902754
0.364885 0.0157814 0.000902077
0.365113 0.0141414 0.000908261
0.365341 0.0153154 0.000899091
0.365569 0.0139488 0.000905171
0.365797 0.0133365 0.000904154
0.366025 0.0140001 0.000904124
0.366253 0.0141761 0.00090841
0.366481 0.0150634 0.000899209
0.366709 0.0147991 0.00090491
0.366937 0.0141384 0.000901116
0.367165 0.0142298 0.000905747
0.367393 0.0125361 0.000904763
0.367621 0.0119701 0.000902456
0.367849 0.0126157 0.000907876
0.368077 0.0132954 0.000904199
0.368305 0.0124488 0.000904789
0.368533 0.0117352 0.00090299
0.368761 0.0109605 0.00090597
0.368989 0.0122623 0.000905744
0.369217 0.0141472 0.000902387
0.369445 0.0146269 0.000903007
0.369673 0.0132387 0.000904191
0.369901 0.012909 0.000909731
0.370129 0.01433 0.000907027
0.370357 0.0138212 0.000902486
0.370585 0.0107805 0.00090601
0.370813 0.0111797 0.000902557
0.371041 0.0132569 0.000908057
0.371269 0.0139494 0.00090385
0.371497 0.0134301 0.000904481
0.371725 0.0140462 0.000908704
0.371953 0.0138824 0.00090321
0.372181 0.0147094 0.000907019
0.372409 0.0143486 0.000906329
0.372637 0.0137608 0.000908266
0.372865 0.0138445 0.000912031
0.373093 0.0150929 0.000907597
0.373321 0.0152366 0.00090321
0.373549 0.0149441 0.000906613
0.373777 0.0157014 0.000910783
0.374005 0.0149024 0.000910596
0.374233 0.0141592 0.000904164
0.374461 0.0125616 0.000908043
0.374689 0.0117727 0.000909057
0.374917 0.0134521 0.000906393
0.375145 0.0136724 0.000908941
0.375373 0.0132916 0.000907106
0.375601 0.0128979 0.000911296
0.375829 0.0131976 0.000908473
0.376057 0.0125798 0.00090624
0.376285 0.0129919 0.000908359
0.376513 0.0130482 0.000907297
0.376741 0.0121559 0.0009085
0.376969 0.0127305 0.000911961
0.377197 0.0135793 0.000907311
0.377425 0.0140292 0.00090805
0.377653 0.014658 0.000910393
0.377881 0.0149034 0.000909481
0.378109 0.0150703 0.000909307
0.378337 0.0137509 0.000909151
0.378565 0.0137482 0.000913269
0.378793 0.0132781 0.000909686
0.379021 0.0111962 0.000907827
0.379249 0.01206 0.00091282
0.379477 0.0136279 0.000911389
0.379705 0.0142196 0.000912991
0.379933 0.0128752 0.000907913
0.380161 0.0134303 0.00090941
0.380389 0.012833 0.000913609
0.380617 0.01336 0.000911323
0.380845 0.015723 0.000912584
0.381073 0.0144419 0.000911421
0.381301 0.0143077 0.00091191
0.381529 0.0138062 0.000915369
0.381757 0.0126679 0.000910526
0.381985 0.0145939 0.000911171
0.382213 0.0152091 0.00091281
0.382441 0.0144011 0.000913737
0.382669 0.0137332 0.000914584
0.382897 0.0139721 0.000910336
0.383125 0.0147956 0.000912039
0.383353 0.0143143 0.000914317
0.383581 0.0141202 0.000912774
0.383809 0.0133192 0.000913737
0.384037 0.0149346 0.000914471
0.384265 0.0157549 0.00091621
0.384493 0.0136717 0.000916577
0.384721 0.013153 0.000912839
0.384949 0.0132708 0.000915641
0.385177 0.0126429 0.000914466
0.385405 0.0129816 0.000916833
0.385633 0.0125915 0.000916676
0.385861 0.0133067 0.000909874
0.386089 0.0128808 0.000918476
0.386317 0.0137464 0.00091738
0.386545 0.0144496 0.00091918
0.386773 0.0120778 0.000915696
0.387001 0.0106184 0.000916259
0.387229 0.0112448 0.00091764
0.387457 0.0126239 0.000916394
0.387685 0.0117166 0.000916117
0.387913 0.0110061 0.000917929
0.388141 0.0120919 0.000918744
0.388369 0.0112303 0.000920761
0.388597 0.0129903 0.000916179
0.388825 0.0140245 0.000914359
0.389053 0.0129231 0.000918426
0.389281 0.0120855 0.000921596
0.389509 0.0143727 0.000924504
0.389737 0.0126943 0.000914841
0.389965 0.0116562 0.000918284
0.390193 0.0126956 0.000920886
0.390421 0.0130708 0.000919874
0.390649 0.0123317 0.000920751
0.390877 0.0128392 0.000916149
0.391105 0.0133204 0.000920826
0.391333 0.0123576 0.000922313
0.391561 0.0120092 0.000918069
0.391789 0.011206 0.000922844
0.392017 0.0106212 0.000922983
0.392245 0.011841 0.000921813
0.392473 0.0115561 0.000922754
0.392701 0.0129799 0.000917447
0.392929 0.0134718 0.000922571
0.393157 0.0119943 0.000922593
0.393385 0.0126206 0.000923224
0.393613 0.0129323 0.000920764
0.393841 0.013094 0.00092215
0.394069 0.0124944 0.000925944
0.394297 0.0112621 0.00092346
0.394525 0.0121989 0.000921279
0.394753 0.0135272 0.000924744
0.394981 0.0129657 0.000925486
0.395209 0.0120538 0.000926603
0.395437 0.0124791 0.00092457
0.395665 0.0113058 0.000923957
0.395893 0.012027 0.000928169
0.396121 0.0126564 0.000925037
0.396349 0.0128155 0.000924269
0.396577 0.0109877 0.000926497
0.396805 0.011281 0.00092528
0.397033 0.0122464 0.000927934
0.397261 0.0128863 0.000924596
0.397489 0.0106221 0.000926309
0.397717 0.0105983 0.000929294
0.397945 0.0131485 0.000929937
0.398173 0.0120304 0.00093012
0.398401 0.0113191 0.000925237
0.398629 0.0109372 0.000928791
0.398857 0.0112981 0.00092919
0.399085 0.0114918 0.000925954
0.399313 0.0113974 0.000925984
0.399541 0.0140665 0.000927679
0.399769 0.0142133 0.000931627
0.399997 0.0127549 0.000929349
0.400225 0.0128741 0.000926143
0.400453 0.012521 0.000928397
0.400681 0.0122398 0.000933686
0.400908 0.0128471 0.000931721
0.401136 0.0120973 0.000933161
0.401364 0.0116648 0.00093036
0.401592 0.0131959 0.00093162
0.40182 0.0128444 0.000930994
0.402048 0.0126635 0.00093242
0.402276 0.0129903 0.000930087
0.402504 0.0121403 0.000932873
0.402732 0.0112985 0.000934616
0.40296 0.0127499 0.000932836
0.403188 0.0130796 0.000932976
0.403416 0.0140113 0.00093593
0.403644 0.0140006 0.00093573
0.403872 0.0130503 0.000936253
0.4041 0.0122895 0.000933989
0.404328 0.0124717 0.000934327
0.404556 0.0127287 0.00093577
0.404784 0.0118091 0.000937057
0.405012 0.0126686 0.000938923
0.40524 0.0127874 0.000935873
0.405468 0.0130381 0.000936614
0.405696 0.0123498 0.000935201
0.405924 0.0110431 0.000935334
0.406152 0.0111885 0.000932336
0.40638 0.0129752 0.000939149
0.406608 0.0138659 0.000940094
0.406836 0.0133793 0.000940517
0.407064 0.0130458 0.000936404
0.407292 0.0119179 0.00093791
0.40752 0.012353 0.00093935
0.407748 0.0121711 0.000941487
0.407976 0.0118714 0.000941041
0.408204 0.0117631 0.000941096
0.408432 0.0130999 0.000939619
0.40866 0.015412 0.000941729
0.408888 0.0165091 0.000942669
0.409116 0.0148511 0.00094019
0.409344 0.0141412 0.000941237
0.409572 0.0124329 0.000944016
0.4098 0.0117639 0.000940226
0.410028 0.0117483 0.000939529
0.410256 0.0124094 0.000942811
0.410484 0.0117706 0.000945501
0.410712 0.0122128 0.000945397
0.41094 0.011637 0.000942964
0.411168 0.0106477 0.00094148
0.411396 0.0107471 0.000945301
0.411624 0.0120638 0.000944373
0.411852 0.0123995 0.000946169
0.41208 0.0125455 0.000947681
0.412308 0.0115614 0.000946853
0.412536 0.0112643 0.000948227
0.412764 0.0123389 0.000943116
0.412992 0.010849 0.000943756
0.41322 0.0114131 0.000947206
0.413448 0.0113655 0.000949651
0.413676 0.011582 0.000949533
0.413904 0.0129595 0.000945993
0.414132 0.0132096 0.000947976
0.41436 0.0126329 0.00095209
0.414588 0.0122054 0.00095158
0.414816 0.0125453 0.000948266
0.415044 0.0130377 0.000952834
0.415272 0.0136923 0.000951503
0.4155 0.0139169 0.00095147
0.415728 0.0130132 0.000946941
0.415956 0.0118975 0.000952691
0.416184 0.00962339 0.00095586
0.416412 0.0101353 0.000955949
0.41664 0.00997244 0.000951967
0.416868 0.0111313 0.000949799
0.417096 0.0119095 0.000955416
0.417324 0.0142403 0.000956461
0.417552 0.013271 0.000953617
0.41778 0.011403 0.000954466
0.418008 0.0122435 0.000955459
0.418236 0.0129015 0.000954231
0.418464 0.0113572 0.000956899
0.418692 0.0105274 0.000953647
0.41892 0.0106257 0.00095711
0.419148 0.0111579 0.000959669
0.419376 0.0120516 0.000958867
0.419604 0.0128726 0.000954837
0.419832 0.0132258 0.000957414
0.42006 0.0120332 0.000959554
0.420288 0.0108274 0.00096078
0.420516 0.010594 0.000957403
0.420744 0.0123385 0.000961786
0.420972 0.0139644 0.000958404
0.4212 0.0126065 0.000962461
0.421428 0.0108693 0.000959051
0.421656 0.0105082 0.000962433
0.421884 0.0109012 0.000967827
0.422112 0.0125369 0.000964563
0.42234 0.0119894 0.000961323
0.422568 0.0106486 0.000960623
0.422796 0.0112377 0.000963261
0.423024 0.0128212 0.000968766
0.423252 0.0127709 0.000966699
0.42348 0.0119307 0.000966041
0.423708 0.0123378 0.000966047
0.423936 0.0122616 0.0009655
0.424164 0.012096 0.000966787
0.424392 0.0125547 0.000963966
0.42462 0.0131019 0.000965557
0.424848 0.0126177 0.000970226
0.425076 0.0129394 0.000970747
0.425304 0.0133731 0.000966669
0.425532 0.0134988 0.000970396
0.42576 0.0121304 0.000971524
0.425988 0.0132682 0.000973649
0.426216 0.01279 0.000972381
0.426444 0.011673 0.000971543
0.426672 0.0118838 0.000972804
0.4269 0.0117922 0.000974373
0.427128 0.0116029 0.000977256
0.427356 0.0120833 0.000972163
0.427584 0.0114221 0.000975044
0.427812 0.0112662 0.00097664
0.42804 0.0114614 0.000974157
0.428268 0.010913 0.000971176
0.428496 0.0105379 0.000976287
0.428724 0.0104589 0.000979737
0.428952 0.0104572 0.000980991
0.42918 0.00974687 0.00097643
0.429408 0.0100462 0.00097409
0.429636 0.0109931 0.00097901
0.429864 0.0107028 0.000980129
0.430092 0.0103065 0.000981479
0.43032 0.012139 0.000978014
0.430548 0.0130824 0.000981656
0.430776 0.0122103 0.000983013
0.431004 0.0111947 0.000983624
0.431232 0.0120726 0.000980464
0.43146 0.0119251 0.0009807
0.431688 0.0123879 0.00098461
0.431916 0.0120639 0.00098588
0.432144 0.0119279 0.000981974
0.432372 0.0123408 0.000984134
0.4326 0.0115779 0.000985491
0.432828 0.0123982 0.000986529
0.433056 0.0115222 0.000985337
0.433284 0.0120908 0.000988196
0.433512 0.0129752 0.000988853
0.43374 0.0130111 0.000989727
0.433968 0.0122372 0.000986521
0.434196 0.0115036 0.000988244
0.434424 0.0119679 0.000990961
0.434652 0.0118085 0.00099272
0.43488 0.0113373 0.000994086
0.435108 0.0109256 0.000986783
0.435336 0.0104452 0.00099166
0.435564 0.011333 0.00099533
0.435792 0.0105349 0.0009974
0.43602 0.0103359 0.000993264
0.436248 0.0108327 0.00099485
0.436476 0.010168 0.000997869
0.436704 0.011336 0.000996924
0.436932 0.0115439 0.000995516
0.43716 0.0124438 0.000998326
0.437388 0.0118494 0.00100018
0.437616 0.0109534 0.00100123
0.437844 0.0112014 0.000998283
0.438072 0.0100062 0.000999719
0.4383 0.0104243 0.00100229
0.438528 0.0106463 0.0010028
0.438756 0.0100561 0.00100295
0.438984 0.0100651 0.00100282
0.439212 0.0112221 0.00100183
0.43944 0.0125522 0.00100488
0.439668 0.0111378 0.00100611
0.439896 0.0103511 0.00100572
0.440124 0.0102943 0.00100724
0.440352 0.00996737 0.00100674
0.44058 0.00984614 0.00101084
0.440808 0.0114357 0.00100243
0.441036 0.0117128 0.00100723
0.441264 0.0122171 0.00100987
0.441492 0.0112547 0.00101304
0.44172 0.0118052 0.00100921
0.441948 0.0108475 0.00101048
0.442176 0.00963277 0.00101221
0.442404 0.00933964 0.00101453
0.442632 0.00996963 0.00101661
0.44286 0.0101802 0.00101056
0.443088 0.0119292 0.00101388
0.443316 0.0118932 0.00101597
0.443544 0.0107019 0.0010154
0.443772 0.01038 0.00101393
0.444 0.0104643 0.0010182
0.444228 0.0104577 0.00102192
0.444456 0.0126453 0.00102214
0.444684 0.0112805 0.00101818
0.444912 0.00986471 0.00101837
0.44514 0.00988761 0.00102171
0.445368 0.0099062 0.00102128
0.445596 0.00976544 0.00102224
0.445824 0.0117374 0.00102028
0.446052 0.0108682 0.00102373
0.44628 0.0114396 0.00102404
0.446508 0.0107011 0.00102627
0.446736 0.0121938 0.00102441
0.446964 0.0110979 0.00102748
0.447192 0.00994504 0.00103203
0.44742 0.0107777 0.00103103
0.447648 0.0106565 0.0010258
0.447876 0.0116892 0.00103049
0.448104 0.0116121 0.00103034
0.448332 0.0101762 0.00103266
0.44856 0.00932274 0.00103055
0.448788 0.00897163 0.00103262
0.449016 0.0110202 0.00103407
0.449244 0.011504 0.00103581
0.449472 0.0100873 0.00103578
0.4497 0.00936534 0.00103667
0.449928 0.0101136 0.00103794
0.450156 0.0098148 0.00104015
0.450384 0.00951004 0.00103906
0.450612 0.00882563 0.00103556
0.45084 0.0095213 0.0010424
0.451068 0.0113921 0.00104443
0.451296 0.0109622 0.00104591
0.451524 0.0101892 0.00104365
0.451752 0.0113264 0.00104351
0.45198 0.0104431 0.00104412
0.452208 0.0099334 0.00104585
0.452436 0.0118309 0.001046
0.452664 0.0118273 0.00105116
0.452892 0.00896937 0.00105296
0.45312 0.00775257 0.00105218
0.453348 0.0087119 0.00104463
0.453576 0.0103906 0.00105227
0.453804 0.0105668 0.00105179
0.454032 0.0106437 0.00105255
0.45426 0.0106503 0.00105392
0.454488 0.0100704 0.00105548
0.454716 0.00968963 0.0010544
0.454944 0.00975061 0.00105805
0.455172 0.0104508 0.00106083
0.4554 0.0101543 0.00105549
0.455628 0.00938787 0.00106105
0.455856 0.0103607 0.00106498
0.456084 0.0104146 0.00106338
0.456312 0.0101691 0.00105659
0.45654 0.00989419 0.00106512
0.456768 0.00997976 0.00106609
0.456996 0.00770509 0.00106699
0.457224 0.00768463 0.00106406
0.457452 0.00781674 0.00106302
0.45768 0.00995837 0.00106796
0.457908 0.0104063 0.00107143
0.458136 0.0105977 0.00107173
0.458364 0.0099641 0.00106882
0.458592 0.0091896 0.00107946
0.458819 0.00709844 0.00107499
0.459047 0.00863846 0.00107592
0.459275 0.00805114 0.00107196
0.459503 0.00790701 0.00107416
0.459731 0.00845499 0.00107803
0.459959 0.00950591 0.00108174
0.460187 0.00983 0.00108321
0.460415 0.00928597 0.00107991
0.460643 0.0092961 0.00108196
0.460871 0.0091897 0.00108644
0.461099 0.00986697 0.00108377
0.461327 0.00860287 0.00108688
0.461555 0.00772104 0.00108942
0.461783 0.00903713 0.00108503
0.462011 0.00926851 0.00108684
0.462239 0.00887986 0.00108991
0.462467 0.00805959 0.00109294
0.462695 0.00747539 0.00109526
0.462923 0.00856234 0.00109365
0.463151 0.00929854 0.00109638
0.463379 0.00830336 0.00109788
0.463607 0.00845593 0.00109693
0.463835 0.0096506 0.00110112
0.464063 0.0101325 0.00110019
0.464291 0.0100559 0.00110447
0.464519 0.0100588 0.00110473
0.464747 0.0104887 0.00110152
0.464975 0.00981761 0.00110402
0.465203 0.0107026 0.00110476
0.465431 0.0100499 0.00110794
0.465659 0.0111005 0.00110992
0.465887 0.0111934 0.00110973
0.466115 0.0110076 0.00111103
0.466343 0.0107447 0.00111337
0.466571 0.0105073 0.00111642
0.466799 0.0107347 0.0011127
0.467027 0.009748 0.00111658
0.467255 0.0100511 0.00111871
0.467483 0.00942784 0.0011205
0.467711 0.010375 0.00112074
0.467939 0.00849103 0.00112249
0.468167 0.00841821 0.00112308
0.468395 0.00898439 0.00112887
0.468623 0.00816599 0.00112413
0.468851 0.0106998 0.00112386
0.469079 0.011087 0.00113169
0.469307 0.00795056 0.00113034
0.469535 0.00783026 0.00113428
0.469763 0.0107066 0.00113492
0.469991 0.00929873 0.00113632
0.470219 0.00794736 0.00113508
0.470447 0.0100693 0.0011378
0.470675 0.00840751 0.00113812
0.470903 0.00796426 0.00113957
0.471131 0.0100486 0.00114354
0.471359 0.0110387 0.00114584
0.471587 0.0109046 0.00114451
0.471815 0.00958191 0.00114547
0.472043 0.00860869 0.00115256
0.472271 0.00752944 0.00115153
0.472499 0.0077627 0.00115233
0.472727 0.00739281 0.00115731
0.472955 0.00909961 0.00115521
0.473183 0.0110189 0.00115684
0.473411 0.00854994 0.00115892
0.473639 0.00985421 0.00116267
0.473867 0.0077824 0.00116591
0.474095 0.00794604 0.00116154
0.474323 0.00846831 0.00116352
0.474551 0.00835853 0.00117019
0.474779 0.00946819 0.00116869
0.475007 0.0088504 0.00117206
0.475235 0.00903281 0.0011725
0.475463 0.0106767 0.00117492
0.475691 0.0109751 0.00117715
0.475919 0.0115556 0.00117467
0.476147 0.0099381 0.00117798
0.476375 0.00866236 0.00118246
0.476603 0.00914579 0.00118662
0.476831 0.0103138 0.00118959
0.477059 0.0122024 0.00119037
0.477287 0.0106563 0.0011878
0.477515 0.00836999 0.00118948
0.477743 0.00872954 0.00119464
0.477971 0.0082846 0.00119841
0.478199 0.00672699 0.00119898
0.478427 0.00608743 0.00120191
0.478655 0.00612571 0.00119956
0.478883 0.00649691 0.00120344
0.479111 0.00820653 0.00120754
0.479339 0.00874269 0.00121141
0.479567 0.00874419 0.00121157
0.479795 0.00740183 0.00121405
0.480023 0.00861263 0.00121197
0.480251 0.0096474 0.001214
0.480479 0.0104104 0.00122261
0.480707 0.00826827 0.00122279
0.480935 0.00754501 0.00122638
0.481163 0.00677353 0.00123045
0.481391 0.00778766 0.00122715
0.481619 0.0088305 0.00123078
0.481847 0.0100058 0.0012336
0.482075 0.0113998 0.00123345
0.482303 0.013868 0.00123623
0.482531 0.0138869 0.00123886
0.482759 0.0109468 0.0012392
0.482987 0.0092443 0.00124281
0.483215 0.00850266 0.00124592
0.483443 0.00927246 0.00124673
0.483671 0.00816824 0.00125618
0.483899 0.00873517 0.0012587
0.484127 0.00975456 0.00125676
0.484355 0.00853193 0.00125378
0.484583 0.00728473 0.00126212
0.484811 0.00800347 0.00126568
0.485039 0.00968363 0.00127068
0.485267 0.00878509 0.00127082
0.485495 0.00887817 0.0012723
0.485723 0.00961344 0.00127428
0.485951 0.0106841 0.00128215
0.486179 0.00838011 0.00128518
0.486407 0.00940607 0.00128626
0.486635 0.00896787 0.00128964
0.486863 0.0106052 0.00129218
0.487091 0.0102935 0.00129267
0.487319 0.00751049 0.00129514
0.487547 0.00521836 0.00130248
0.487775 0.00636611 0.00130465
0.488003 0.00963877 0.00130617
0.488231 0.0106612 0.00131172
0.488459 0.0103403 0.00131325
0.488687 0.00893373 0.0013193
0.488915 0.00998013 0.00131882
0.489143 0.00942183 0.00132381
0.489371 0.00996944 0.00132847
0.489599 0.00824631 0.00132476
0.489827 0.0101214 0.00133094
0.490055 0.00909999 0.00133555
0.490283 0.00798039 0.00134191
0.490511 0.00748496 0.00134418
0.490739 0.0097281 0.00134588
0.490967 0.00922103 0.00135359
0.491195 0.00793704 0.00135661
0.491423 0.00670109 0.0013595
0.491651 0.00701993 0.00136669
0.491879 0.00839006 0.00136933
0.492107 0.00946574 0.00137301
0.492335 0.0112136 0.00138026
0.492563 0.0114888 0.00138244
0.492791 0.0121187 0.00138394
0.493019 0.0120054 0.00139544
0.493247 0.00988517 0.00139937
0.493475 0.0106007 0.00139935
0.493703 0.0110354 0.00140039
0.493931 0.00955546 0.00141204
0.494159 0.00738926 0.00141424
0.494387 0.00916211 0.00142006
0.494615 0.00965886 0.00142451
0.494843 0.0103645 0.0014276
0.495071 0.00954287 0.0014366
0.495299 0.0080898 0.00144139
0.495527 0.00784359 0.00145076
0.495755 0.0110753 0.00145369
0.495983 0.0102081 0.0014538
0.496211 0.00850134 0.00146189
0.496439 0.00909624 0.00147183
0.496667 0.00999346 0.00147847
0.496895 0.00943516 0.00148241
0.497123 0.00780043 0.00148893
0.497351 0.00924543 0.00149493
0.497579 0.0106946 0.00150386
0.497807 0.00844954 0.00150834
0.498035 0.00930549 0.00151486
0.498263 0.0107443 0.00151763
0.498491 0.0102113 0.00152454
0.498719 0.00853437 0.00153639
0.498947 0.00854883 0.00154287
0.499175 0.00814029 0.0015534
0.499403 0.0117622 0.00156281
0.499631 0.0125264 0.00156661
0.499859 0.012346 0.00157794
0.500087 0.010435 0.0015897
0.500315 0.0105215 0.00160203
0.500543 0.0118581 0.00160701
0.500771 0.00896093 0.00161273
0.500999 0.00757691 0.0016182
0.501227 0.010183 0.00163381
0.501455 0.010849 0.00164251
0.501683 0.010408 0.00165081
0.501911 0.00804063 0.00166411
