0.00290642 0.420246
0.00316982 0.471381
0.00343322 0.675218
0.00369662 0.595985
0.00396002 0.929973
0.00422342 0.795595
0.00448682 0.810926
0.00475023 0.782705
0.00501363 0.848852
0.00527703 0.943195
0.00554043 0.90583
0.00580383 0.630714
0.00606723 0.746446
0.00633063 0.720927
0.00659403 0.700384
0.00685743 0.955405
0.00712083 0.996925
0.00738423 0.918035
0.00764763 1.0881
0.00791103 0.966382
0.00817443 0.956609
0.00843784 0.865235
0.00870124 0.847515
0.00896464 0.929492
0.00922804 1.02078
0.00949144 0.886503
0.00975484 0.97284
0.0100182 0.975035
0.0102816 0.912701
0.010545 0.801069
0.0108084 0.856169
0.0110718 0.952485
0.0113352 0.968481
0.0115986 0.981473
0.011862 0.872634
0.0121254 0.846512
0.0123888 0.935214
0.0126522 0.935817
0.0129156 0.912353
0.013179 0.922399
0.0134424 0.926161
0.0137058 0.928117
0.0139693 0.926257
0.0142327 0.976252
0.0144961 0.910331
0.0147595 0.897098
0.0150229 0.858797
0.0152863 0.95081
0.0155497 0.890887
0.0158131 0.901137
0.0160765 0.94509
0.0163399 0.87582
0.0166033 0.970749
0.0168667 0.916438
0.0171301 0.97904
0.0173935 0.879045
0.0176569 0.922354
0.0179203 0.873033
0.0181837 0.86966
0.0184471 0.994197
0.0187105 0.894265
0.0189739 0.82378
0.0192373 0.876772
0.0195007 0.857131
0.0197641 0.918644
0.0200275 0.863458
0.0202909 0.903684
0.0205543 0.908541
0.0208177 0.901106
0.0210811 0.867868
0.0213445 0.848765
0.0216079 0.826425
0.0218713 0.879183
0.0221347 0.873059
0.0223981 0.859204
0.0226615 0.807319
0.0229249 0.8501
0.0231883 0.896361
0.0234517 0.92814
0.0237151 0.958944
0.0239785 0.842788
0.0242419 0.896937
0.0245053 0.7994
0.0247687 0.809427
0.0250321 0.825714
0.0252955 0.863615
0.0255589 0.822688
0.0258223 0.808071
0.0260857 0.797709
0.0263491 0.844702
0.0266125 0.79306
0.0268759 0.796357
0.0271393 0.828363
0.0274027 0.870931
0.0276661 0.848274
0.0279295 0.807828
0.0281929 0.782929
0.0284563 0.763279
0.0287197 0.787104
0.0289831 0.810274
0.0292465 0.742552
0.0295099 0.775167
0.0297733 0.844953
0.0300367 0.818898
0.0303001 0.837069
0.0305635 0.835356
0.0308269 0.799699
0.0310903 0.750711
0.0313537 0.795682
0.0316171 0.798856
0.0318805 0.781994
0.0321439 0.810438
0.0324073 0.754127
0.0326707 0.771964
0.0329341 0.749508
0.0331975 0.786654
0.0334609 0.781478
0.0337243 0.769009
0.0339877 0.757155
0.0342511 0.741453
0.0345145 0.698271
0.0347779 0.727137
0.0350413 0.73833
0.0353047 0.687966
0.0355681 0.686933
0.0358315 0.716374
0.0360949 0.777041
0.0363583 0.698905
0.0366217 0.727962
0.0368851 0.734783
0.0371485 0.725505
0.0374119 0.746585
0.0376753 0.735505
0.0379387 0.717498
0.0382021 0.726159
0.0384655 0.783664
0.0387289 0.75505
0.0389923 0.713416
0.0392557 0.662368
0.0395191 0.712723
0.0397825 0.714019
0.0400459 0.67834
0.0403093 0.671434
0.0405727 0.687108
0.0408361 0.66105
0.0410995 0.58829
0.0413629 0.671899
0.0416263 0.758281
0.0418897 0.723766
0.0421531 0.668032
0.0424165 0.658951
0.0426799 0.616547
0.0429433 0.677672
0.0432067 0.688413
0.0434701 0.638901
0.0437335 0.660939
0.0439969 0.645387
0.0442603 0.670539
0.0445237 0.642721
0.0447871 0.616892
0.0450505 0.641854
0.0453139 0.632722
0.0455773 0.611562
0.0458407 0.602338
0.0461041 0.599825
0.0463675 0.616642
0.0466309 0.599483
0.0468943 0.612611
0.0471577 0.610058
0.0474211 0.59556
0.0476845 0.588576
0.0479479 0.578185
0.0482113 0.612068
0.0484747 0.600395
0.0487381 0.590651
0.0490015 0.561517
0.0492649 0.559031
0.0495283 0.571089
0.0497917 0.596959
0.0500551 0.594269
0.0503185 0.54984
0.0505819 0.551209
0.0508453 0.554895
0.0511088 0.557047
0.0513722 0.565658
0.0516356 0.543498
0.051899 0.543418
0.0521624 0.521548
0.0524258 0.510976
0.0526892 0.516172
0.0529526 0.516483
0.053216 0.535268
0.0534794 0.521315
0.0537428 0.522535
0.0540062 0.524252
0.0542696 0.528368
0.054533 0.497115
0.0547964 0.521254
0.0550598 0.502614
0.0553232 0.496596
0.0555866 0.524056
0.05585 0.514062
0.0561134 0.489281
0.0563768 0.496002
0.0566402 0.504918
0.0569036 0.504105
0.057167 0.49068
0.0574304 0.494822
0.0576938 0.479557
0.0579572 0.473239
0.0582206 0.465962
0.058484 0.489461
0.0587474 0.483914
0.0590108 0.489825
0.0592742 0.465444
0.0595376 0.450691
0.059801 0.432625
0.0600644 0.458133
0.0603278 0.456221
0.0605912 0.471724
0.0608546 0.440744
0.061118 0.456952
0.0613814 0.444452
0.0616448 0.445055
0.0619082 0.44757
0.0621716 0.433657
0.062435 0.457129
0.0626984 0.433952
0.0629618 0.440543
0.0632252 0.447333
0.0634886 0.433865
0.063752 0.424953
0.0640154 0.429185
0.0642788 0.396752
0.0645422 0.408798
0.0648056 0.416122
0.065069 0.399524
0.0653324 0.424356
0.0655958 0.4261
0.0658592 0.418514
0.0661226 0.381822
0.066386 0.409893
0.0666494 0.420699
0.0669128 0.402922
0.0671762 0.380275
0.0674396 0.414323
0.067703 0.392929
0.0679664 0.389352
0.0682298 0.39462
0.0684932 0.391232
0.0687566 0.383472
0.06902 0.381228
0.0692834 0.372913
0.0695468 0.381302
0.0698102 0.370853
0.0700736 0.371912
0.070337 0.366529
0.0706004 0.388822
0.0708638 0.369935
0.0711272 0.342053
0.0713906 0.351877
0.071654 0.357488
0.0719174 0.372715
0.0721808 0.36585
0.0724442 0.340241
0.0727076 0.350745
0.072971 0.35186
0.0732344 0.334271
0.0734978 0.343162
0.0737612 0.337939
0.0740246 0.322799
0.074288 0.334569
0.0745514 0.351194
0.0748148 0.356191
0.0750782 0.338629
0.0753416 0.330048
0.075605 0.321886
0.0758684 0.344436
0.0761318 0.339671
0.0763952 0.332632
0.0766586 0.308307
0.076922 0.33795
0.0771854 0.321847
0.0774488 0.325339
0.0777122 0.29268
0.0779756 0.304277
0.078239 0.316347
0.0785024 0.303307
0.0787658 0.317078
0.0790292 0.311331
0.0792926 0.312522
0.079556 0.289678
0.0798194 0.297912
0.0800828 0.288348
0.0803462 0.288447
0.0806096 0.321647
0.080873 0.323447
0.0811364 0.292509
0.0813998 0.309464
0.0816632 0.322635
0.0819266 0.310057
0.08219 0.303562
0.0824534 0.300054
0.0827168 0.284387
0.0829802 0.264191
0.0832436 0.287091
0.083507 0.281573
0.0837704 0.266616
0.0840338 0.288666
0.0842972 0.298073
0.0845606 0.289535
0.084824 0.279189
0.0850874 0.28434
0.0853508 0.261893
0.0856142 0.284056
0.0858776 0.280518
0.086141 0.287256
0.0864044 0.264909
0.0866678 0.268117
0.0869312 0.274127
0.0871946 0.258499
0.087458 0.253028
0.0877214 0.259671
0.0879849 0.256729
0.0882483 0.257741
0.0885117 0.261937
0.0887751 0.251329
0.0890385 0.262633
0.0893019 0.24814
0.0895653 0.263047
0.0898287 0.256213
0.0900921 0.235345
0.0903555 0.225196
0.0906189 0.234625
0.0908823 0.254925
0.0911457 0.255814
0.0914091 0.246234
0.0916725 0.254685
0.0919359 0.2434
0.0921993 0.228367
0.0924627 0.246752
0.0927261 0.244634
0.0929895 0.262995
0.0932529 0.247723
0.0935163 0.23166
0.0937797 0.241688
0.0940431 0.246667
0.0943065 0.257045
0.0945699 0.25128
0.0948333 0.235287
0.0950967 0.227235
0.0953601 0.239814
0.0956235 0.230707
0.0958869 0.211821
0.0961503 0.232472
0.0964137 0.240393
0.0966771 0.213495
0.0969405 0.224868
0.0972039 0.222756
0.0974673 0.218761
0.0977307 0.21378
0.0979941 0.195444
0.0982575 0.204565
0.0985209 0.213623
0.0987843 0.196822
0.0990477 0.230816
0.0993111 0.245616
0.0995745 0.207892
0.0998379 0.218269
0.100101 0.205738
0.100365 0.199046
0.100628 0.175147
0.100891 0.204238
0.101155 0.213559
0.101418 0.208274
0.101682 0.201569
0.101945 0.205539
0.102208 0.194203
0.102472 0.196591
0.102735 0.201064
0.102999 0.196572
0.103262 0.195586
0.103525 0.188191
0.103789 0.19874
0.104052 0.199477
0.104316 0.185829
0.104579 0.202991
0.104842 0.188588
0.105106 0.182327
0.105369 0.20701
0.105633 0.203191
0.105896 0.208926
0.106159 0.209251
0.106423 0.207971
0.106686 0.186431
0.10695 0.186863
0.107213 0.1849
0.107477 0.197854
0.10774 0.192273
0.108003 0.18531
0.108267 0.174934
0.10853 0.184303
0.108794 0.183531
0.109057 0.200973
0.10932 0.173806
0.109584 0.177285
0.109847 0.155334
0.110111 0.177378
0.110374 0.184418
0.110637 0.177024
0.110901 0.177775
0.111164 0.168636
0.111428 0.17666
0.111691 0.175953
0.111954 0.196419
0.112218 0.173908
0.112481 0.177386
0.112745 0.172071
0.113008 0.169423
0.113271 0.179967
0.113535 0.170245
0.113798 0.161564
0.114062 0.16777
0.114325 0.168345
0.114588 0.161896
0.114852 0.164293
0.115115 0.16019
0.115379 0.168516
0.115642 0.165406
0.115905 0.169812
0.116169 0.165616
0.116432 0.158253
0.116696 0.171563
0.116959 0.16356
0.117222 0.152124
0.117486 0.137517
0.117749 0.172246
0.118013 0.147576
0.118276 0.167151
0.118539 0.161677
0.118803 0.175301
0.119066 0.157688
0.11933 0.13344
0.119593 0.146776
0.119856 0.160263
0.12012 0.166312
0.120383 0.159397
0.120647 0.154313
0.12091 0.149846
0.121173 0.136894
0.121437 0.142716
0.1217 0.157088
0.121964 0.155549
0.122227 0.159333
0.12249 0.147566
0.122754 0.143839
0.123017 0.146449
0.123281 0.133384
0.123544 0.158612
0.123807 0.138534
0.124071 0.141452
0.124334 0.142855
0.124598 0.143454
0.124861 0.139991
0.125124 0.151193
0.125388 0.154153
0.125651 0.133934
0.125915 0.130708
0.126178 0.126306
0.126441 0.137299
0.126705 0.140263
0.126968 0.136551
0.127232 0.14475
0.127495 0.138276
0.127758 0.121105
0.128022 0.139097
0.128285 0.13432
0.128549 0.143123
0.128812 0.135341
0.129075 0.127546
0.129339 0.132743
0.129602 0.123756
0.129866 0.129371
0.130129 0.129335
0.130392 0.14083
0.130656 0.131277
0.130919 0.134162
0.131183 0.133744
0.131446 0.131131
0.131709 0.125648
0.131973 0.134937
0.132236 0.128667
0.1325 0.125719
0.132763 0.11004
0.133026 0.129393
0.13329 0.114537
0.133553 0.127278
0.133817 0.120302
0.13408 0.133867
0.134343 0.13674
0.134607 0.116327
0.13487 0.119083
0.135134 0.115844
0.135397 0.124494
0.13566 0.130674
0.135924 0.124439
0.136187 0.129836
0.136451 0.124789
0.136714 0.125447
0.136977 0.126454
0.137241 0.11813
0.137504 0.109934
0.137768 0.116654
0.138031 0.128398
0.138294 0.121411
0.138558 0.108317
0.138821 0.116762
0.139085 0.111015
0.139348 0.116135
0.139611 0.105207
0.139875 0.111676
0.140138 0.1117
0.140402 0.099162
0.140665 0.124857
0.140928 0.11997
0.141192 0.126557
0.141455 0.112305
0.141719 0.10739
0.141982 0.111197
0.142245 0.123531
0.142509 0.112134
0.142772 0.110978
0.143036 0.100542
0.143299 0.117919
0.143562 0.123072
0.143826 0.119789
0.144089 0.118554
0.144353 0.116107
0.144616 0.102977
0.144879 0.115436
0.145143 0.107217
0.145406 0.100722
0.14567 0.107647
0.145933 0.107763
0.146196 0.105241
0.14646 0.106417
0.146723 0.0978449
0.146987 0.0978858
0.14725 0.112828
0.147513 0.106848
0.147777 0.101879
0.14804 0.0938891
0.148304 0.111144
0.148567 0.11485
0.14883 0.117376
0.149094 0.11312
0.149357 0.105534
0.149621 0.104979
0.149884 0.107866
0.150147 0.104078
0.150411 0.0969651
0.150674 0.0932329
0.150938 0.112116
0.151201 0.107065
0.151464 0.112218
0.151728 0.103487
0.151991 0.109161
0.152255 0.114616
0.152518 0.104817
0.152781 0.0988936
0.153045 0.107371
0.153308 0.0972398
0.153572 0.0888576
0.153835 0.100115
0.154098 0.100682
0.154362 0.0881536
0.154625 0.0844891
0.154889 0.0906716
0.155152 0.0907696
0.155415 0.104093
0.155679 0.0931967
0.155942 0.0935733
0.156206 0.100093
0.156469 0.0870756
0.156732 0.0913878
0.156996 0.093058
0.157259 0.108502
0.157523 0.10457
0.157786 0.0968962
0.158049 0.08739
0.158313 0.102616
0.158576 0.105744
0.15884 0.0915593
0.159103 0.0995387
0.159366 0.085584
0.15963 0.0887987
0.159893 0.0763422
0.160157 0.104782
0.16042 0.0891182
0.160683 0.0840765
0.160947 0.0988869
0.16121 0.0956322
0.161474 0.0961107
0.161737 0.102988
0.162 0.100124
0.162264 0.0940747
0.162527 0.08737
0.162791 0.0950549
0.163054 0.0991996
0.163317 0.0896684
0.163581 0.0871724
0.163844 0.0833176
0.164108 0.0915353
0.164371 0.0985642
0.164634 0.0880718
0.164898 0.0955322
0.165161 0.087358
0.165425 0.0866716
0.165688 0.0937075
0.165951 0.103396
0.166215 0.0968456
0.166478 0.0704576
0.166742 0.0786524
0.167005 0.085126
0.167268 0.0885742
0.167532 0.106165
0.167795 0.0973664
0.168059 0.0917889
0.168322 0.0828478
0.168585 0.0941053
0.168849 0.0875004
0.169112 0.0819787
0.169376 0.0892109
0.169639 0.0735065
0.169902 0.0733842
0.170166 0.0717431
0.170429 0.0896002
0.170693 0.0694162
0.170956 0.0648482
0.171219 0.0723195
0.171483 0.0728187
0.171746 0.08733
0.17201 0.0878044
0.172273 0.0723764
0.172536 0.0763656
0.1728 0.0827007
0.173063 0.0858207
0.173327 0.0798149
0.17359 0.0839818
0.173853 0.0788296
0.174117 0.0827125
0.17438 0.0812265
0.174644 0.0859835
0.174907 0.0871989
0.17517 0.0767805
0.175434 0.0808067
0.175697 0.0802113
0.175961 0.082418
0.176224 0.08614
0.176487 0.0826333
0.176751 0.093136
0.177014 0.070366
0.177278 0.0745125
0.177541 0.0828222
0.177804 0.0817805
0.178068 0.0705198
0.178331 0.0806395
0.178595 0.0714656
0.178858 0.0690365
0.179121 0.074908
0.179385 0.0808189
0.179648 0.0783153
0.179912 0.0880342
0.180175 0.0711235
0.180439 0.0743945
0.180702 0.0737055
0.180965 0.0876182
0.181229 0.0763724
0.181492 0.0676202
0.181756 0.0734718
0.182019 0.0713891
0.182282 0.0664931
0.182546 0.0653475
0.182809 0.0834791
0.183073 0.0717273
0.183336 0.0858551
0.183599 0.0835022
0.183863 0.0817467
0.184126 0.0662625
0.18439 0.0722845
0.184653 0.0839113
0.184916 0.0827709
0.18518 0.0653602
0.185443 0.0650473
0.185707 0.0678307
0.18597 0.0753371
0.186233 0.0898547
0.186497 0.0803525
0.18676 0.0591989
0.187024 0.0642327
0.187287 0.0735918
0.18755 0.0622984
0.187814 0.0707153
0.188077 0.0795253
0.188341 0.0715391
0.188604 0.0766787
0.188867 0.0769802
0.189131 0.0580573
0.189394 0.0619856
0.189658 0.0630691
0.189921 0.0676109
0.190184 0.0783118
0.190448 0.0792233
0.190711 0.0766124
0.190975 0.0658827
0.191238 0.0661696
0.191501 0.0663529
0.191765 0.06525
0.192028 0.0661149
0.192292 0.0710938
0.192555 0.0691911
0.192818 0.0702991
0.193082 0.0719495
0.193345 0.0761709
0.193609 0.0621002
0.193872 0.0702771
0.194135 0.081256
0.194399 0.0749498
0.194662 0.0801531
0.194926 0.0663585
0.195189 0.0754905
0.195452 0.0576385
0.195716 0.0552495
0.195979 0.058618
0.196243 0.0744664
0.196506 0.0760205
0.196769 0.0705529
0.197033 0.067594
0.197296 0.053552
0.19756 0.0546584
0.197823 0.0699809
0.198086 0.0746464
0.19835 0.0531802
0.198613 0.0607838
0.198877 0.075368
0.19914 0.0703145
0.199403 0.0689067
0.199667 0.0569884
0.19993 0.0481027
0.200194 0.0557078
0.200457 0.0568313
0.20072 0.0496751
0.200984 0.0572398
0.201247 0.0553298
0.201511 0.0593673
0.201774 0.0557838
0.202037 0.0582989
0.202301 0.0586262
0.202564 0.07202
0.202828 0.0653767
0.203091 0.0704618
0.203354 0.0651096
0.203618 0.056932
0.203881 0.0516182
0.204145 0.0624904
0.204408 0.0511867
0.204671 0.0612744
0.204935 0.0547322
0.205198 0.0572531
0.205462 0.0599076
0.205725 0.0567607
0.205988 0.0567393
0.206252 0.0634085
0.206515 0.0730667
0.206779 0.060736
0.207042 0.0688051
0.207305 0.0760322
0.207569 0.0614355
0.207832 0.0698805
0.208096 0.0602431
0.208359 0.0654145
0.208622 0.0604211
0.208886 0.0761462
0.209149 0.0601115
0.209413 0.0764391
0.209676 0.0718147
0.209939 0.0600251
0.210203 0.0674385
0.210466 0.0553735
0.21073 0.0434235
0.210993 0.0562609
0.211256 0.0574124
0.21152 0.0459753
0.211783 0.0645522
0.212047 0.0664273
0.21231 0.0733511
0.212573 0.0537829
0.212837 0.046634
0.2131 0.05746
0.213364 0.04753
0.213627 0.054522
0.21389 0.058166
0.214154 0.0467418
0.214417 0.0497185
0.214681 0.0500324
0.214944 0.0490464
0.215207 0.0524324
0.215471 0.0584996
0.215734 0.0514725
0.215998 0.0623633
0.216261 0.0425024
0.216524 0.0495029
0.216788 0.0454315
0.217051 0.0439458
0.217315 0.0455858
0.217578 0.0523564
0.217841 0.0603571
0.218105 0.055102
0.218368 0.0631255
0.218632 0.0632951
0.218895 0.0523242
0.219158 0.0585347
0.219422 0.0482015
0.219685 0.0607882
0.219949 0.0538698
0.220212 0.0496384
0.220475 0.0609038
0.220739 0.0687573
0.221002 0.0479744
0.221266 0.0467322
0.221529 0.0445733
0.221792 0.0709136
0.222056 0.0560716
0.222319 0.03999
0.222583 0.0508395
0.222846 0.0532889
0.223109 0.0504438
0.223373 0.0479271
0.223636 0.0492651
0.2239 0.0461498
0.224163 0.0548351
0.224426 0.0605118
0.22469 0.0670242
0.224953 0.059324
0.225217 0.0528127
0.22548 0.0569591
0.225743 0.0522144
0.226007 0.0615184
0.22627 0.0439818
0.226534 0.0468665
0.226797 0.0458051
0.22706 0.0603978
0.227324 0.0443133
0.227587 0.0453773
0.227851 0.0451407
0.228114 0.0595095
0.228377 0.0623253
0.228641 0.053836
0.228904 0.043012
0.229168 0.0386598
0.229431 0.0519993
0.229694 0.0574911
0.229958 0.0470335
0.230221 0.0555945
0.230485 0.0578605
0.230748 0.0531058
0.231011 0.0469691
0.231275 0.0450353
0.231538 0.0502429
0.231802 0.0447038
0.232065 0.0506991
0.232328 0.0600987
0.232592 0.052858
0.232855 0.0483835
0.233119 0.0580269
0.233382 0.0584835
0.233645 0.0593484
0.233909 0.0524698
0.234172 0.059042
0.234436 0.0483489
0.234699 0.0602131
0.234962 0.0543933
0.235226 0.0538387
0.235489 0.0435236
0.235753 0.0482927
0.236016 0.0386325
0.236279 0.0477851
0.236543 0.0514567
0.236806 0.0387438
0.23707 0.0496318
0.237333 0.0527693
0.237596 0.0543207
0.23786 0.0631924
0.238123 0.0401815
0.238387 0.0446187
0.23865 0.0489247
0.238913 0.0456065
0.239177 0.044624
0.23944 0.0497325
0.239704 0.0559722
0.239967 0.0433009
0.24023 0.0497229
0.240494 0.0539591
0.240757 0.047056
0.241021 0.050576
0.241284 0.0455949
0.241547 0.0430413
0.241811 0.0464656
0.242074 0.0458542
0.242338 0.0430447
0.242601 0.0310496
0.242864 0.0398145
0.243128 0.0531775
0.243391 0.0392127
0.243655 0.055566
0.243918 0.0553669
0.244181 0.0526645
0.244445 0.0594269
0.244708 0.0483087
0.244972 0.0480865
0.245235 0.0556496
0.245498 0.0436073
0.245762 0.0507422
0.246025 0.0495818
0.246289 0.0452809
0.246552 0.0436649
0.246815 0.0502729
0.247079 0.0397011
0.247342 0.051206
0.247606 0.0449182
0.247869 0.0496313
0.248132 0.0428371
0.248396 0.0446815
0.248659 0.0524445
0.248923 0.0504031
0.249186 0.0523707
0.249449 0.0508498
0.249713 0.0476351
0.249976 0.0404522
0.25024 0.0421289
0.250503 0.0315496
0.250766 0.032616
0.25103 0.0410867
0.251293 0.0487184
0.251557 0.0309255
0.25182 0.0456753
0.252083 0.0501202
0.252347 0.0455667
0.25261 0.0503858
0.252874 0.0478789
0.253137 0.0428795
0.2534 0.0475845
0.253664 0.0487596
0.253927 0.0379662
0.254191 0.0451055
0.254454 0.0429269
0.254718 0.0488404
0.254981 0.0534496
0.255244 0.0338258
0.255508 0.0376609
0.255771 0.0402495
0.256035 0.0379945
0.256298 0.0304045
0.256561 0.0365278
0.256825 0.0399155
0.257088 0.0393831
0.257352 0.051468
0.257615 0.046326
0.257878 0.0536425
0.258142 0.0491922
0.258405 0.0501311
0.258669 0.04022
0.258932 0.0304338
0.259195 0.0352622
0.259459 0.0621298
0.259722 0.0469065
0.259986 0.0407965
0.260249 0.0562998
0.260512 0.0458996
0.260776 0.0458733
0.261039 0.0404558
0.261303 0.0282016
0.261566 0.03798
0.261829 0.0425464
0.262093 0.0420376
0.262356 0.057774
0.26262 0.0363664
0.262883 0.0341525
0.263146 0.0403587
0.26341 0.0511184
0.263673 0.0435616
0.263937 0.0442573
0.2642 0.0391631
0.264463 0.0460571
0.264727 0.0370245
0.26499 0.054358
0.265254 0.0376527
0.265517 0.0391164
0.26578 0.03359
0.266044 0.0407618
0.266307 0.0248255
0.266571 0.0361209
0.266834 0.0341049
0.267097 0.0374015
0.267361 0.0394853
0.267624 0.0585249
0.267888 0.0434622
0.268151 0.0212373
0.268414 0.0411525
0.268678 0.032608
0.268941 0.0322931
0.269205 0.0332825
0.269468 0.0328442
0.269731 0.0383053
0.269995 0.03934
0.270258 0.0439793
0.270522 0.0350029
0.270785 0.0428025
0.271048 0.03831
0.271312 0.039244
0.271575 0.0371529
0.271839 0.0324829
0.272102 0.0416905
0.272365 0.0448371
0.272629 0.0408749
0.272892 0.0359293
0.273156 0.045866
0.273419 0.0463453
0.273682 0.0358475
0.273946 0.0452235
0.274209 0.0407569
0.274473 0.0356655
0.274736 0.0464707
0.274999 0.0435384
0.275263 0.0272918
0.275526 0.0429105
0.27579 0.0499544
0.276053 0.0288491
0.276316 0.0479025
0.27658 0.0567507
0.276843 0.0466607
0.277107 0.0508833
0.27737 0.056898
0.277633 0.0404618
0.277897 0.0434144
0.27816 0.0372622
0.278424 0.0444998
0.278687 0.0341124
0.27895 0.0314555
0.279214 0.0371536
0.279477 0.0557016
0.279741 0.046308
0.280004 0.0520084
0.280267 0.0424996
0.280531 0.0524345
0.280794 0.0354544
0.281058 0.0557349
0.281321 0.0473298
0.281584 0.0525778
0.281848 0.0378404
0.282111 0.0411838
0.282375 0.0441949
0.282638 0.0557507
0.282901 0.0475471
0.283165 0.0428467
0.283428 0.0414391
0.283692 0.0472825
0.283955 0.0424493
0.284218 0.0458978
0.284482 0.0366871
0.284745 0.0344605
0.285009 0.0521913
0.285272 0.0372547
0.285535 0.0434242
0.285799 0.0463247
0.286062 0.0332205
0.286326 0.0428336
0.286589 0.0448995
0.286852 0.0351104
0.287116 0.0368802
0.287379 0.0493715
0.287643 0.0407153
0.287906 0.0342058
0.288169 0.0284582
0.288433 0.0476311
0.288696 0.0547895
0.28896 0.0394344
0.289223 0.0282438
0.289486 0.0301784
0.28975 0.0318715
0.290013 0.0446411
0.290277 0.047876
0.29054 0.0395582
0.290803 0.0447042
0.291067 0.0286324
0.29133 0.0303262
0.291594 0.0421722
0.291857 0.0299324
0.29212 0.0279485
0.292384 0.034232
0.292647 0.0368567
0.292911 0.041882
0.293174 0.0416013
0.293437 0.0420015
0.293701 0.0455267
0.293964 0.0416118
0.294228 0.018616
0.294491 0.0315125
0.294754 0.0411436
0.295018 0.0424785
0.295281 0.0303816
0.295545 0.0340251
0.295808 0.0543704
0.296071 0.0327918
0.296335 0.0413678
0.296598 0.0348573
0.296862 0.0391947
0.297125 0.0156064
0.297388 0.0259735
0.297652 0.0314558
0.297915 0.0240185
0.298179 0.0440469
0.298442 0.0346909
0.298705 0.0428038
0.298969 0.0389796
0.299232 0.0422516
0.299496 0.0417476
0.299759 0.0359407
0.300022 0.0277195
0.300286 0.0303676
0.300549 0.0488811
0.300813 0.0350778
0.301076 0.0356184
0.301339 0.0327424
0.301603 0.0332629
0.301866 0.0472015
0.30213 0.0341438
0.302393 0.0325625
0.302656 0.0397647
0.30292 0.0279711
0.303183 0.0398182
0.303447 0.0367404
0.30371 0.0279515
0.303973 0.0324036
0.304237 0.0342971
0.3045 0.0474302
0.304764 0.0381275
0.305027 0.0390665
0.30529 0.0418038
0.305554 0.0314667
0.305817 0.0286693
0.306081 0.0351527
0.306344 0.0248835
0.306607 0.0379204
0.306871 0.0323169
0.307134 0.0284151
0.307398 0.0386598
0.307661 0.0408438
0.307924 0.0274031
0.308188 0.0316493
0.308451 0.0300138
0.308715 0.0297395
0.308978 0.0390845
0.309241 0.0263007
0.309505 0.0324113
0.309768 0.00666582
0.310032 0.0315153
0.310295 0.0475205
0.310558 0.0538536
0.310822 0.0489349
0.311085 0.0470591
0.311349 0.0420385
0.311612 0.0372342
0.311875 0.0372007
0.312139 0.0371678
0.312402 0.0293758
0.312666 0.0192391
0.312929 0.0297805
0.313192 0.0264787
0.313456 0.0261851
0.313719 0.0384611
0.313983 0.0383295
0.314246 0.0162733
0.314509 0.0182651
0.314773 0.0303327
0.315036 0.0256809
0.3153 0.0279051
0.315563 0.0351709
0.315826 0.0374116
0.31609 0.0328413
0.316353 0.0292253
0.316617 0.0317364
0.31688 0.0313733
0.317143 0.0360875
0.317407 0.0313324
0.31767 0.0256727
0.317934 0.0371004
0.318197 0.0225193
0.31846 0.0303678
0.318724 0.0270698
0.318987 0.0262771
0.319251 0.024286
0.319514 0.0265302
0.319777 0.0306473
0.320041 0.0389371
0.320304 0.0156415
0.320568 0.0253151
0.320831 0.0346698
0.321094 0.0338002
0.321358 0.0299609
0.321621 0.0263365
0.321885 0.0304193
0.322148 0.038638
0.322411 0.0487049
0.322675 0.0325564
0.322938 0.0348147
0.323202 0.0320169
0.323465 0.0458913
0.323728 0.0313876
0.323992 0.0398413
0.324255 0.0377265
0.324519 0.0175713
0.324782 0.0270927
0.325045 0.0231875
0.325309 0.0213233
0.325572 0.0202038
0.325836 0.03087
0.326099 0.0400927
0.326362 0.0338344
0.326626 0.0264222
0.326889 0.0366051
0.327153 0.0492104
0.327416 0.0291398
0.327679 0.0321813
0.327943 0.0286076
0.328206 0.0321273
0.32847 0.0508013
0.328733 0.0295713
0.328997 0.0345453
0.32926 0.0443735
0.329523 0.0405315
0.329787 0.0417495
0.33005 0.0405178
0.330314 0.0355815
0.330577 0.048152
0.33084 0.0368638
0.331104 0.0404811
0.331367 0.0270982
0.331631 0.0421687
0.331894 0.0337242
0.332157 0.0412433
0.332421 0.0402467
0.332684 0.0380838
0.332948 0.0330469
0.333211 0.0251731
0.333474 0.0286135
0.333738 0.0325425
0.334001 0.0362358
0.334265 0.0275069
0.334528 0.0276271
0.334791 0.0305827
0.335055 0.0431729
0.335318 0.0305682
0.335582 0.0432638
0.335845 0.0424402
0.336108 0.0355269
0.336372 0.0326218
0.336635 0.0398405
0.336899 0.0395918
0.337162 0.0322862
0.337425 0.0314804
0.337689 0.0300945
0.337952 0.0320753
0.338216 0.0225964
0.338479 0.0308887
0.338742 0.0207353
0.339006 0.0291105
0.339269 0.0292207
0.339533 0.0274313
0.339796 0.0375765
0.340059 0.0250749
0.340323 0.044806
0.340586 0.0374825
0.34085 0.0290449
0.341113 0.0243009
0.341376 0.031914
0.34164 0.0404167
0.341903 0.0247871
0.342167 0.028944
0.34243 0.0201042
0.342693 0.0274493
0.342957 0.0392487
0.34322 0.019832
0.343484 0.0237129
0.343747 0.0469573
0.34401 0.0215413
0.344274 0.0221175
0.344537 0.0454949
0.344801 0.0361222
0.345064 0.0232795
0.345327 0.0287364
0.345591 0.0279004
0.345854 0.0172209
0.346118 0.0210131
0.346381 0.0354613
0.346644 0.0336815
0.346908 0.033576
0.347171 0.0273469
0.347435 0.0193175
0.347698 0.0450005
0.347961 0.0304078
0.348225 0.0326542
0.348488 0.0262893
0.348752 0.0318011
0.349015 0.0406858
0.349278 0.0375378
0.349542 0.0370144
0.349805 0.0317622
0.350069 0.0459813
0.350332 0.0331733
0.350595 0.0306144
0.350859 0.0373536
0.351122 0.0258455
0.351386 0.0341789
0.351649 0.0353791
0.351912 0.0332489
0.352176 0.027882
0.352439 0.0137127
0.352703 0.024348
0.352966 0.0338751
0.353229 0.025268
0.353493 0.0172096
0.353756 0.0200496
0.35402 0.0403989
0.354283 0.0242751
0.354546 0.0190333
0.35481 0.0295536
0.355073 0.0211516
0.355337 0.030804
0.3556 0.0284484
0.355863 0.0136567
0.356127 0.03091
0.35639 0.0232558
0.356654 0.0287595
0.356917 0.030428
0.35718 0.0364904
0.357444 0.0239536
0.357707 0.0267071
0.357971 0.0261345
0.358234 0.0309864
0.358497 0.0323505
0.358761 0.0200627
0.359024 0.0266782
0.359288 0.01981
0.359551 0.0424915
0.359814 0.0339882
0.360078 0.0350785
0.360341 0.0250202
0.360605 0.0282371
0.360868 0.0193478
0.361131 0.0294304
0.361395 0.0377984
0.361658 0.0290311
0.361922 0.0142613
0.362185 0.0111956
0.362448 0.0244749
0.362712 0.0237756
0.362975 0.0277078
0.363239 0.0269164
0.363502 0.0235925
0.363765 0.0308616
0.364029 0.0304753
0.364292 0.0172351
0.364556 0.0312527
0.364819 0.0243947
0.365082 0.0342133
0.365346 0.0183347
0.365609 0.0303636
0.365873 0.0230125
0.366136 0.031202
0.366399 0.0222336
0.366663 0.0238025
0.366926 0.0213653
0.36719 0.02429
0.367453 0.0277509
0.367716 0.040198
0.36798 0.0410844
0.368243 0.0274982
0.368507 0.0337887
0.36877 0.0315195
0.369033 0.0515598
0.369297 0.0225176
0.36956 0.0320822
0.369824 0.0191853
0.370087 0.0302302
0.37035 0.0199993
0.370614 0.0257835
0.370877 0.0209433
0.371141 0.0361716
0.371404 0.0267302
0.371667 0.0244138
0.371931 0.0245776
0.372194 0.0178193
0.372458 0.00863855
0.372721 0.0211309
0.372984 0.0425551
0.373248 0.0405005
0.373511 0.0285205
0.373775 0.0301224
0.374038 0.0293264
0.374301 0.0250362
0.374565 0.0170836
0.374828 0.0335916
0.375092 0.0165471
0.375355 0.0282951
0.375618 0.0284702
0.375882 0.0297807
0.376145 0.0139093
0.376409 0.00956218
0.376672 0.0206971
0.376935 0.0354411
0.377199 0.0429442
0.377462 0.0217747
0.377726 0.0171545
0.377989 0.0222475
0.378252 0.0311455
0.378516 0.0271578
0.378779 0.0453367
0.379043 0.0311762
0.379306 0.0320676
0.379569 0.0336951
0.379833 0.0440651
0.380096 0.0241305
0.38036 0.0304704
0.380623 0.0410415
0.380886 0.021398
0.38115 0.0123513
0.381413 0.0420107
0.381677 0.0108645
0.38194 0.0169631
0.382203 0.0351909
0.382467 0.0332367
0.38273 0.0340304
0.382994 0.0318833
0.383257 0.021036
0.38352 0.0261184
0.383784 0.0339035
0.384047 0.0114698
0.384311 0.00855818
0.384574 0.0297438
0.384837 0.0239998
0.385101 0.0229685
0.385364 0.0295862
0.385628 0.0384202
0.385891 0.0346051
0.386154 0.0191369
0.386418 0.02296
0.386681 0.0249042
0.386945 0.0250525
0.387208 0.018998
0.387471 0.0151978
0.387735 0.0114036
0.387998 0.0174971
0.388262 0.0306087
0.388525 0.0195629
0.388788 0.0327698
0.389052 0.0253602
0.389315 0.0243304
0.389579 0.0228553
0.389842 0.0444429
0.390105 0.0299045
0.390369 0.0151249
0.390632 0.0155124
0.390896 0.017416
0.391159 0.038334
0.391422 0.0182067
0.391686 0.0327198
0.391949 0.0288653
0.392213 0.0368205
0.392476 0.0226607
0.392739 0.0391267
0.393003 0.0369122
0.393266 0.0272504
0.39353 0.0221956
0.393793 0.0360949
0.394056 0.0205725
0.39432 0.0300238
0.394583 0.0149282
0.394847 0.024964
0.39511 0.00654491
0.395373 0.0241738
0.395637 0.023206
0.3959 0.0115116
0.396164 0.0100731
0.396427 0.0298131
0.39669 0.0227078
0.396954 0.0151625
0.397217 0.021556
0.397481 0.0413473
0.397744 0.0270636
0.398007 0.0368382
0.398271 0.0168091
0.398534 0.0192915
0.398798 0.0183282
0.399061 0.0187573
0.399324 0.0251576
0.399588 0.0293745
0.399851 0.0103651
0.400115 0.0249769
0.400378 0.026562
0.400641 0.0345189
0.400905 0.0317165
0.401168 0.0260484
0.401432 0.0376495
0.401695 0.0316176
0.401958 0.0348402
0.402222 0.0262204
0.402485 0.0304762
0.402749 0.0359265
0.403012 0.0276396
0.403276 0.0280056
0.403539 7.12727e-05
0.403802 0.0132178
0.404066 0.0260915
0.404329 0.0300249
0.404593 0.0221093
0.404856 0.0113813
0.405119 0.0170353
0.405383 0.0354305
0.405646 0.0345993
0.40591 0.03919
0.406173 0.0261604
0.406436 0.0114758
0.4067 0.0241795
0.406963 0.0464175
0.407227 0.0167127
0.40749 0.0129696
0.407753 0.026608
0.408017 0.0125984
0.40828 0.0284329
0.408544 0.0245304
0.408807 0.0320587
0.40907 0.0299818
0.409334 0.0275122
0.409597 0.0306976
0.409861 0.0290036
0.410124 0.0289324
0.410387 0.0270809
0.410651 0.0367305
0.410914 0.0228944
0.411178 0.0290882
0.411441 0.0221058
0.411704 0.00794836
0.411968 0.0189311
0.412231 0.0183762
0.412495 0.0306047
0.412758 0.0223091
0.413021 0.0216369
0.413285 0.0323904
0.413548 0.0308658
0.413812 0.0255387
0.414075 0.0231962
0.414338 0.0125795
0.414602 0.0314042
0.414865 0.0238218
0.415129 0.0145369
0.415392 0.0125649
0.415655 0.0236193
0.415919 0.0235856
0.416182 0.0354104
0.416446 0.0365675
0.416709 0.0391275
0.416972 0.0344256
0.417236 0.019344
0.417499 0.0179989
0.417763 0.0327505
0.418026 0.0324264
0.418289 0.0380622
0.418553 0.012798
0.418816 0.009496
0.41908 0.0256618
0.419343 0.0307171
0.419606 0.0388805
0.41987 0.0399716
0.420133 0.0201547
0.420397 0.0339638
0.42066 0.0309629
0.420923 0.0291953
0.421187 0.0198418
0.42145 0.00253782
0.421714 0.0245898
0.421977 0.0203231
0.42224 0.0172749
0.422504 0.0199875
0.422767 0.0142307
0.423031 0.0191122
0.423294 0.0248629
0.423557 0.0357351
0.423821 0.010304
0.424084 0.0268622
0.424348 0.0317267
0.424611 0.0197685
0.424874 0.0221758
0.425138 0.0166405
0.425401 0.00813509
0.425665 0.0233365
0.425928 0.0219816
0.426191 0.0295751
0.426455 0.0263407
0.426718 0.0252422
0.426982 0.0302796
0.427245 0.034552
0.427508 0.0340556
0.427772 0.0321218
0.428035 0.0327005
0.428299 0.0384065
0.428562 0.0204522
0.428825 0.00929291
0.429089 0.022616
0.429352 0.0169924
0.429616 0.0225711
0.429879 0.0193987
0.430142 0.00526
0.430406 0.009256
0.430669 0.0108218
0.430933 0.0189344
0.431196 0.0348829
0.431459 0.0162089
0.431723 0.0287178
0.431986 -0.0139082
0.43225 0.00751836
0.432513 0.0186633
0.432776 0.0195742
0.43304 0.00843491
0.433303 0.0118613
0.433567 0.0145696
0.43383 0.00543345
0.434093 0.0302013
0.434357 0.0217051
0.43462 0.0321725
0.434884 0.0330773
0.435147 0.0457562
0.43541 0.0193267
0.435674 0.0172591
0.435937 0.0253336
0.436201 0.0259716
0.436464 0.00527618
0.436727 0.036938
0.436991 0.0144998
0.437254 0.0340582
0.437518 0.0398442
0.437781 0.0410247
0.438044 0.0304865
0.438308 0.0485682
0.438835 0.0304475
0.439361 0.0127511
0.439625 0.0192573
0.439888 0.0279393
0.440152 0.0151529
0.440415 0.0210238
0.440678 0.0232811
0.440942 0.0125315
0.441205 0.0419362
0.441469 0.036938
0.441732 0.0161856
0.441995 0.0111636
0.442259 0.00320636
0.442522 0.0356185
0.442786 0.00984891
0.443049 0.0154651
0.443312 0.0552833
0.443576 0.0308545
0.443839 8.21818e-05
0.444103 0.026454
0.444366 0.0230582
0.444629 0.0507458
0.444893 0.0129749
0.445156 0.00717273
0.44542 0.00125436
0.445683 0.0236447
0.445946 0.0459084
0.44621 0.0279576
0.446473 0.0532113
0.446737 0.055752
0.447 0.043518
0.447263 0.0253384
0.447527 0.0342331
0.44779 0.0413836
0.448054 0.00357145
0.448317 0.0498062
0.44858 0.0512924
