0.025399 0.720125 0.00909371
0.025627 0.725171 0.00816188
0.025855 0.72014 0.00818127
0.026083 0.72058 0.00811631
0.0263109 0.717107 0.00790601
0.0265389 0.708824 0.00784457
0.0267669 0.701383 0.00770532
0.0269949 0.70894 0.00772795
0.0272229 0.700993 0.00765425
0.0274509 0.694116 0.00745708
0.0276789 0.678683 0.00739488
0.0279069 0.673791 0.00727444
0.0281349 0.673253 0.00728948
0.0283629 0.672684 0.00712933
0.0285909 0.666569 0.00703213
0.0288189 0.659203 0.00712963
0.0290469 0.658463 0.00690055
0.0292749 0.652737 0.00690343
0.0295029 0.647757 0.00673617
0.0297309 0.643449 0.00665775
0.0299589 0.647511 0.00672705
0.0301869 0.655117 0.00660881
0.0304149 0.651053 0.00647911
0.0306429 0.631556 0.00643469
0.0308709 0.631437 0.00638945
0.0310989 0.622027 0.00637724
0.0313269 0.613744 0.00624799
0.0315549 0.6079 0.00622001
0.0317829 0.604771 0.00616172
0.0320108 0.603727 0.00613679
0.0322388 0.609349 0.00603809
0.0324668 0.601975 0.00600044
0.0326948 0.597925 0.00603867
0.0329228 0.593821 0.00593175
0.0331508 0.594376 0.0058454
0.0333788 0.594881 0.00573304
0.0336068 0.594429 0.00579359
0.0338348 0.585919 0.00573824
0.0340628 0.579515 0.00574256
0.0342908 0.568383 0.00562807
0.0345188 0.566788 0.0055786
0.0347468 0.559297 0.00559236
0.0349748 0.563395 0.00552857
0.0352028 0.574397 0.00549441
0.0354308 0.573511 0.00545513
0.0356588 0.564025 0.00537332
0.0358868 0.561975 0.00543637
0.0361148 0.561597 0.00526209
0.0363428 0.554005 0.00528061
0.0365708 0.545117 0.00526057
0.0367988 0.537883 0.0052126
0.0370268 0.53976 0.00523472
0.0372548 0.534421 0.00511801
0.0374828 0.534357 0.00514252
0.0377108 0.534412 0.0050994
0.0379387 0.522665 0.00503049
0.0381667 0.519836 0.00504572
0.0383947 0.521773 0.00499327
0.0386227 0.508843 0.00503605
0.0388507 0.499307 0.00489771
0.0390787 0.497613 0.00487432
0.0393067 0.492279 0.00492267
0.0395347 0.500252 0.004816
0.0397627 0.501827 0.00487513
0.0399907 0.501832 0.00479116
0.0402187 0.492137 0.00473977
0.0404467 0.491705 0.00475871
0.0406747 0.478181 0.00472829
0.0409027 0.471096 0.00468551
0.0411307 0.473061 0.00464864
0.0413587 0.470899 0.00466119
0.0415867 0.470493 0.00463033
0.0418147 0.461431 0.00462165
0.0420427 0.454141 0.00456352
0.0422707 0.45796 0.00453063
0.0424987 0.457752 0.00454816
0.0427267 0.451371 0.00451853
0.0429547 0.448695 0.00441623
0.0431827 0.447904 0.00445421
0.0434107 0.446799 0.00445423
0.0436386 0.447596 0.00443925
0.0438666 0.451791 0.00438951
0.0440946 0.44552 0.00440084
0.0443226 0.440555 0.00436693
0.0445506 0.438997 0.00435024
0.0447786 0.433936 0.00430599
0.0450066 0.426469 0.00426796
0.0452346 0.421216 0.00429252
0.0454626 0.413957 0.00429889
0.0456906 0.412824 0.00427744
0.0459186 0.403171 0.00420771
0.0461466 0.408029 0.00419404
0.0463746 0.406685 0.00417993
0.0466026 0.399717 0.004179
0.0468306 0.402296 0.00415656
0.0470586 0.4019 0.00411713
0.0472866 0.395403 0.00412605
0.0475146 0.392695 0.00413729
0.0477426 0.39256 0.00407019
0.0479706 0.389453 0.00408444
0.0481986 0.387995 0.00404624
0.0484266 0.383775 0.00408563
0.0486546 0.376571 0.0040094
0.0488826 0.372537 0.00395717
0.0491106 0.365996 0.00402983
0.0493386 0.360757 0.00395331
0.0495665 0.368701 0.00397969
0.0497945 0.36982 0.00393497
0.0500225 0.371116 0.00392193
0.0502505 0.367441 0.00393424
0.0504785 0.364184 0.00388916
0.0507065 0.361108 0.00391373
0.0509345 0.35512 0.00387037
0.0511625 0.349224 0.00388664
0.0513905 0.354961 0.00390724
0.0516185 0.353288 0.00377551
0.0518465 0.348595 0.00382559
0.0520745 0.345015 0.00379969
0.0523025 0.34678 0.00379917
0.0525305 0.350977 0.00379953
0.0527585 0.346803 0.00376793
0.0529865 0.339585 0.00378395
0.0532145 0.336795 0.00374075
0.0534425 0.331659 0.00372612
0.0536705 0.326353 0.00371721
0.0538985 0.32388 0.00370484
0.0541265 0.321444 0.00374179
0.0543545 0.320265 0.00364857
0.0545825 0.319523 0.00365657
0.0548105 0.318208 0.00365861
0.0550385 0.31994 0.00366492
0.0552664 0.313868 0.00367392
0.0554944 0.314179 0.00358764
0.0557224 0.314453 0.00357203
0.0559504 0.311413 0.00360289
0.0561784 0.306639 0.003612
0.0564064 0.312391 0.00357057
0.0566344 0.307357 0.0035716
0.0568624 0.305407 0.00358336
0.0570904 0.301959 0.00354896
0.0573184 0.298535 0.0035282
0.0575464 0.296559 0.00351068
0.0577744 0.29306 0.00353401
0.0580024 0.294027 0.00352492
0.0582304 0.291391 0.00349441
0.0584584 0.287224 0.00346333
0.0586864 0.287949 0.00343849
0.0589144 0.287781 0.00349685
0.0591424 0.281411 0.00346505
0.0593704 0.278923 0.00342268
0.0595984 0.273772 0.00345225
0.0598264 0.273519 0.00342317
0.0600544 0.271384 0.00342472
0.0602824 0.272815 0.00338948
0.0605104 0.272393 0.00339492
0.0607384 0.274379 0.00342109
0.0609664 0.270795 0.00337631
0.0611943 0.265624 0.0033672
0.0614223 0.263084 0.00334473
0.0616503 0.266988 0.00334081
0.0618783 0.269656 0.00336796
0.0621063 0.275273 0.003337
0.0623343 0.265547 0.00333147
0.0625623 0.258727 0.00331261
0.0627903 0.261051 0.00329373
0.0630183 0.257665 0.00329113
0.0632463 0.253609 0.00326155
0.0634743 0.257635 0.00329377
0.0637023 0.252925 0.003272
0.0639303 0.250051 0.00327924
0.0641583 0.252836 0.00324543
0.0643863 0.244896 0.00324133
0.0646143 0.243308 0.00326517
0.0648423 0.236753 0.00322601
0.0650703 0.235281 0.00321159
0.0652983 0.238931 0.00319952
0.0655263 0.247696 0.00321712
0.0657543 0.244264 0.0031924
0.0659823 0.237788 0.00318583
0.0662103 0.236063 0.00318933
0.0664383 0.236653 0.00318228
0.0666663 0.231552 0.00318557
0.0668942 0.22836 0.00314065
0.0671222 0.226536 0.00313065
0.0673502 0.221057 0.00314144
0.0675782 0.222427 0.00313893
0.0678062 0.224795 0.00315087
0.0680342 0.229372 0.00309587
0.0682622 0.229205 0.00312435
0.0684902 0.222115 0.00310524
0.0687182 0.217068 0.00309223
0.0689462 0.217789 0.00307499
0.0691742 0.213805 0.00308209
0.0694022 0.215271 0.00309721
0.0696302 0.215293 0.00308159
0.0698582 0.213588 0.00306428
0.0700862 0.216159 0.00302993
0.0703142 0.212519 0.00303524
0.0705422 0.208192 0.00305891
0.0707702 0.206521 0.00303623
0.0709982 0.206475 0.00302121
0.0712262 0.206897 0.00301
0.0714542 0.204304 0.00301556
0.0716822 0.203988 0.00301063
0.0719102 0.204632 0.00297761
0.0721382 0.201233 0.0029944
0.0723662 0.198048 0.00297173
0.0725942 0.197608 0.00297811
0.0728221 0.201372 0.00297001
0.0730501 0.200435 0.00293928
0.0732781 0.198545 0.00298835
0.0735061 0.198885 0.00295852
0.0737341 0.200616 0.00295445
0.0739621 0.202873 0.00293747
0.0741901 0.201041 0.00290884
0.0744181 0.195704 0.00294543
0.0746461 0.189239 0.00291287
0.0748741 0.190611 0.00290225
0.0751021 0.188308 0.00292067
0.0753301 0.190432 0.00289089
0.0755581 0.189192 0.00291711
0.0757861 0.188143 0.00286899
0.0760141 0.190531 0.00288457
0.0762421 0.192888 0.00289315
0.0764701 0.189335 0.00286585
0.0766981 0.186716 0.00286347
0.0769261 0.182279 0.00283395
0.0771541 0.182281 0.00286705
0.0773821 0.18268 0.00285263
0.0776101 0.186176 0.00284287
0.0778381 0.181903 0.00283189
0.0780661 0.174247 0.00281804
0.0782941 0.168569 0.00283527
0.078522 0.173121 0.00282839
0.07875 0.175041 0.00278989
0.078978 0.176092 0.00280299
0.079206 0.175048 0.00282132
0.079434 0.172244 0.00280128
0.079662 0.174777 0.00275441
0.07989 0.170816 0.00277416
0.080118 0.168909 0.00279193
0.080346 0.170563 0.00278563
0.080574 0.172463 0.00276813
0.080802 0.171443 0.00275609
0.08103 0.170688 0.00275157
0.081258 0.168313 0.00275267
0.081486 0.167445 0.00274785
0.081714 0.165779 0.00273167
0.081942 0.164297 0.00273561
0.08217 0.159688 0.00274175
0.082398 0.159296 0.00270275
0.082626 0.161735 0.00271401
0.082854 0.161239 0.0027208
0.083082 0.157096 0.00273335
0.08331 0.154131 0.00271784
0.083538 0.151825 0.00266312
0.083766 0.15446 0.00268523
0.083994 0.155993 0.00268868
0.084222 0.158563 0.00269869
0.0844499 0.155789 0.00267227
0.0846779 0.155937 0.00266392
0.0849059 0.15504 0.00268951
0.0851339 0.149607 0.00264673
0.0853619 0.150007 0.00265515
0.0855899 0.150049 0.00265221
0.0858179 0.149795 0.00265469
0.0860459 0.148596 0.00266083
0.0862739 0.146912 0.00262716
0.0865019 0.149231 0.00262287
0.0867299 0.149009 0.00261893
0.0869579 0.145393 0.00263792
0.0871859 0.146584 0.00263129
0.0874139 0.148913 0.00259137
0.0876419 0.145921 0.00259261
0.0878699 0.145945 0.00261253
0.0880979 0.145579 0.00260352
0.0883259 0.143839 0.0025824
0.0885539 0.143845 0.00259945
0.0887819 0.138949 0.00258325
0.0890099 0.139611 0.00258369
0.0892379 0.141579 0.00258825
0.0894659 0.143612 0.00255376
0.0896939 0.14296 0.00257415
0.0899219 0.139427 0.00258323
0.0901498 0.135827 0.00255575
0.0903778 0.137059 0.0025602
0.0906058 0.140035 0.00254476
0.0908338 0.140897 0.00254489
0.0910618 0.139827 0.00253351
0.0912898 0.134304 0.00252453
0.0915178 0.135143 0.00254569
0.0917458 0.135249 0.00252172
0.0919738 0.135091 0.00254184
0.0922018 0.135432 0.00250708
0.0924298 0.134568 0.00251807
0.0926578 0.136292 0.00252604
0.0928858 0.134177 0.0024972
0.0931138 0.130095 0.00250241
0.0933418 0.133827 0.00249519
0.0935698 0.133323 0.00251139
0.0937978 0.130456 0.00250496
0.0940258 0.127204 0.00246747
0.0942538 0.126468 0.00248193
0.0944818 0.126357 0.00246607
0.0947098 0.123736 0.00249561
0.0949378 0.124535 0.00247297
0.0951658 0.125428 0.00141077
0.0953938 0.12547 0.00139128
0.0956218 0.125478 0.00138336
0.0958498 0.124016 0.00138832
0.0960777 0.122568 0.00138169
0.0963057 0.120343 0.00137917
0.0965337 0.119617 0.00138541
0.0967617 0.120175 0.0013656
0.0969897 0.119197 0.00137508
0.0972177 0.118339 0.00136981
0.0974457 0.119639 0.00137305
0.0976737 0.123072 0.00138352
0.0979017 0.121768 0.00135637
0.0981297 0.121555 0.00135828
0.0983577 0.11992 0.00135987
0.0985857 0.117716 0.00136589
0.0988137 0.116884 0.00136317
0.0990417 0.116472 0.00134603
0.0992697 0.114939 0.00136376
0.0994977 0.113935 0.00135352
0.0997257 0.114099 0.00134971
0.0999537 0.112721 0.00133761
0.100182 0.11214 0.00134107
0.10041 0.112591 0.00135139
0.100638 0.112904 0.00134443
0.100866 0.113487 0.00133629
0.101094 0.114043 0.00134071
0.101322 0.114219 0.00133697
0.10155 0.114627 0.00133791
0.101778 0.112866 0.00133327
0.102006 0.11026 0.00132659
0.102234 0.108965 0.00132269
0.102462 0.111211 0.00132603
0.10269 0.110071 0.00132288
0.102918 0.108751 0.00132709
0.103146 0.110792 0.00132155
0.103374 0.109938 0.00132588
0.103602 0.109773 0.00131728
0.10383 0.107844 0.00130487
0.104058 0.108439 0.00132052
0.104286 0.109085 0.00130684
0.104514 0.107842 0.00138901
0.104742 0.105992 0.00121093
0.10497 0.106299 0.00120183
0.105198 0.106158 0.00120976
0.105426 0.106171 0.00120465
0.105654 0.103847 0.00120557
0.105882 0.106071 0.00120959
0.10611 0.104252 0.00120189
0.106338 0.103022 0.00120003
0.106566 0.103868 0.00119081
0.106794 0.102843 0.00119382
0.107022 0.102848 0.00120529
0.10725 0.103883 0.00119703
0.107478 0.106332 0.00119694
0.107706 0.104223 0.00117244
0.107934 0.102264 0.00118776
0.108162 0.100708 0.00118896
0.10839 0.101878 0.00118797
0.108618 0.101822 0.00118936
0.108846 0.0997157 0.0011785
0.109074 0.0980469 0.0011826
0.109302 0.100346 0.0011776
0.10953 0.101082 0.00117175
0.109758 0.101077 0.00118132
0.109986 0.101021 0.00117435
0.110214 0.0995865 0.00118317
0.110441 0.0973244 0.00116129
0.110669 0.0961451 0.00116954
0.110897 0.0962385 0.00117407
0.111125 0.0965615 0.00116784
0.111353 0.0973304 0.00117315
0.111581 0.0965441 0.00115719
0.111809 0.0954005 0.00116169
0.112037 0.0971256 0.00116355
0.112265 0.0984803 0.00116529
0.112493 0.0955488 0.00115793
0.112721 0.095054 0.00115518
0.112949 0.095824 0.00115775
0.113177 0.0956245 0.00115322
0.113405 0.0946691 0.00114536
0.113633 0.0933111 0.00114462
0.113861 0.0911844 0.00115162
0.114089 0.0933937 0.00115986
0.114317 0.0926759 0.00114494
0.114545 0.0912191 0.0011461
0.114773 0.0906596 0.00113898
0.115001 0.0905721 0.00114797
0.115229 0.0919033 0.00114777
0.115457 0.0911772 0.00113877
0.115685 0.0888005 0.00114165
0.115913 0.0874052 0.00113988
0.116141 0.0886668 0.00113709
0.116369 0.0899404 0.00113169
0.116597 0.0891776 0.00112655
0.116825 0.087604 0.00113492
0.117053 0.0886255 0.00113333
0.117281 0.0868729 0.00113017
0.117509 0.0884368 0.00112364
0.117737 0.0901305 0.00112477
0.117965 0.0895143 0.00113761
0.118193 0.0886379 0.00112124
0.118421 0.0888651 0.00112168
0.118649 0.0869915 0.00112157
0.118877 0.0862039 0.0011227
0.119105 0.0860363 0.0011263
0.119333 0.0879436 0.00111463
0.119561 0.0867365 0.00112243
0.119789 0.0844173 0.00111485
0.120017 0.0841439 0.00112147
0.120245 0.0842859 0.00110778
0.120473 0.0848077 0.00110526
0.120701 0.0844609 0.00111782
0.120929 0.0827697 0.00110889
0.121157 0.0837564 0.00110541
0.121385 0.0847149 0.00110781
0.121613 0.083724 0.0011112
0.121841 0.0828753 0.00110918
0.122069 0.0834696 0.00109636
0.122297 0.0839503 0.00110487
0.122525 0.084096 0.00110596
0.122753 0.081978 0.00110435
0.122981 0.081488 0.001102
0.123209 0.0818425 0.00109096
0.123437 0.0811144 0.00109703
0.123665 0.0802399 0.00110076
0.123893 0.0793033 0.00109769
0.124121 0.0799859 0.00108936
0.124349 0.0794053 0.00109072
0.124577 0.0799469 0.00109276
0.124805 0.0788019 0.00109437
0.125033 0.0819784 0.00108415
0.125261 0.0827893 0.00108626
0.125489 0.0817371 0.00109007
0.125717 0.0794383 0.00109146
0.125945 0.0797464 0.00107433
0.126173 0.0794153 0.00108049
0.126401 0.079824 0.00108505
0.126629 0.0782472 0.00108598
0.126857 0.0770116 0.00107762
0.127085 0.0763204 0.00108297
0.127313 0.0763231 0.00107809
0.127541 0.076378 0.00107639
0.127769 0.0750396 0.00108095
0.127997 0.0754867 0.00106609
0.128225 0.0776996 0.00107479
0.128453 0.0763224 0.0010771
0.128681 0.0756888 0.00107186
0.128909 0.0741935 0.00106878
0.129137 0.0740237 0.0010631
0.129365 0.07566 0.00107733
0.129593 0.0750125 0.00107148
0.129821 0.0749165 0.00105909
0.130049 0.0744452 0.00107164
0.130277 0.0738221 0.00105937
0.130505 0.0738176 0.00106964
0.130733 0.0737073 0.00106476
0.130961 0.0746615 0.00106132
0.131189 0.0742275 0.00107057
0.131417 0.0735665 0.00105793
0.131645 0.0726667 0.00106009
0.131873 0.0720241 0.00104867
0.132101 0.0725569 0.00105797
0.132329 0.0739168 0.00106319
0.132557 0.0717879 0.00105304
0.132785 0.0708665 0.0010544
0.133013 0.0721995 0.00104788
0.133241 0.0733639 0.00105095
0.133469 0.0724253 0.00105453
0.133697 0.0697811 0.00104601
0.133925 0.0696677 0.00105259
0.134153 0.0706249 0.00104803
0.134381 0.0719453 0.00104966
0.134609 0.0717212 0.00104091
0.134837 0.0707732 0.00104283
0.135065 0.0715776 0.00104846
0.135293 0.0704237 0.00103952
0.135521 0.0705824 0.00104615
0.135749 0.0695941 0.00103376
0.135977 0.0711836 0.00104295
0.136205 0.0715587 0.00104413
0.136433 0.0706797 0.0010373
0.136661 0.0708365 0.00103514
0.136889 0.0702637 0.00103415
0.137117 0.0693295 0.00103725
0.137345 0.0685175 0.00103732
0.137573 0.069058 0.00103137
0.137801 0.0700428 0.00103584
0.138029 0.0687164 0.0010316
0.138257 0.068912 0.0010337
0.138485 0.0700652 0.00102758
0.138713 0.0674964 0.00102706
0.138941 0.0666652 0.0010294
0.139169 0.0687368 0.00102497
0.139397 0.0691576 0.00102803
0.139625 0.0685607 0.00102162
0.139853 0.0665143 0.00102981
0.140081 0.0648367 0.00102571
0.140309 0.0659079 0.00102426
0.140537 0.0661188 0.0010174
0.140765 0.0667908 0.00102011
0.140993 0.0642161 0.00102804
0.141221 0.0645172 0.00102235
0.141449 0.0649931 0.00101002
0.141677 0.0648427 0.00101899
0.141905 0.0661084 0.00101417
0.142133 0.066032 0.0010208
0.142361 0.0634639 0.00101366
0.142589 0.0624624 0.00101295
0.142817 0.0649112 0.0010126
0.143045 0.0653648 0.00101449
0.143273 0.0666605 0.00101641
0.143501 0.0650267 0.00100695
0.143729 0.0628745 0.00101214
0.143957 0.0613879 0.00100943
0.144185 0.0618979 0.00101431
0.144413 0.0625311 0.00100873
0.144641 0.0622855 0.00100293
0.144869 0.0627169 0.00100999
0.145097 0.0626755 0.0010083
0.145325 0.062258 0.00100354
0.145553 0.0612255 0.00100336
0.145781 0.062084 0.00100285
0.146009 0.0619577 0.00100638
0.146237 0.060868 0.000994228
0.146465 0.0598088 0.00100323
0.146693 0.0614943 0.00100374
0.146921 0.0632207 0.000996517
0.147149 0.0638633 0.000998008
0.147377 0.0634759 0.000992919
0.147605 0.0616952 0.00100209
0.147833 0.0607852 0.000999432
0.148061 0.0606807 0.00100285
0.148289 0.060928 0.000991313
0.148517 0.0607404 0.000987155
0.148745 0.0623933 0.000996544
0.148973 0.0621601 0.000990853
0.149201 0.0619615 0.000994273
0.149429 0.0610203 0.000991859
0.149657 0.06037 0.000994619
0.149885 0.0625855 0.000986817
0.150113 0.0616089 0.000983397
0.150341 0.0601227 0.000991879
0.150569 0.0572996 0.000987436
0.150797 0.0580544 0.000993971
0.151025 0.0569245 0.000986275
0.151253 0.0568185 0.000975575
0.151481 0.0580767 0.000989565
0.151709 0.0572105 0.000986561
0.151937 0.0568716 0.000983959
0.152165 0.058182 0.000979853
0.152393 0.0592988 0.000980505
0.152621 0.0595775 0.000988321
0.152849 0.0578601 0.00097918
0.153077 0.0583703 0.000977215
0.153305 0.05756 0.000978895
0.153533 0.0570891 0.000978787
0.153761 0.0567332 0.00098612
0.153989 0.0574043 0.000969307
0.154217 0.0551399 0.000974021
0.154445 0.0553116 0.000974708
0.154673 0.0533447 0.000978207
0.154901 0.0544097 0.000978292
0.155129 0.0546404 0.00096922
0.155357 0.0555543 0.000974903
0.155585 0.0560379 0.000969385
0.155813 0.0557473 0.000970551
0.156041 0.0566257 0.000968837
0.156269 0.0564949 0.000971659
0.156497 0.055234 0.00097686
0.156725 0.054464 0.000968895
0.156953 0.0556548 0.00096122
0.157181 0.0550429 0.000965195
0.157409 0.0549183 0.000966583
0.157637 0.0555097 0.000972919
0.157865 0.0538807 0.000962575
0.158093 0.0528056 0.000967576
0.158321 0.0546207 0.000959113
0.158549 0.0547335 0.000965617
0.158777 0.0542277 0.000965524
0.159005 0.0545599 0.000965195
0.159233 0.0530335 0.000962851
0.159461 0.0523083 0.000962419
0.159689 0.0530453 0.000957937
0.159917 0.0517821 0.000954423
0.160145 0.0529316 0.000964564
0.160373 0.0536752 0.000961432
0.160601 0.0543101 0.000956252
0.160829 0.0555475 0.000954863
0.161057 0.0573083 0.000952091
0.161285 0.0536697 0.000960088
0.161513 0.0517167 0.000953771
0.161741 0.0503849 0.000951412
0.161969 0.0519664 0.000955501
0.162197 0.0518513 0.000954367
0.162425 0.0522481 0.000955928
0.162653 0.0518133 0.000945652
0.162881 0.052036 0.000948369
0.163109 0.0520368 0.000956823
0.163337 0.0519379 0.000949901
0.163565 0.0512461 0.000954671
0.163793 0.0505811 0.000941993
0.164021 0.0509148 0.000950424
0.164249 0.0505235 0.000952915
0.164477 0.0503164 0.000944809
0.164705 0.0506656 0.000948847
0.164933 0.049818 0.000940224
0.165161 0.0489752 0.000948867
0.165389 0.0498843 0.000946349
0.165617 0.0504312 0.000938355
0.165845 0.0505159 0.000947404
0.166073 0.0508403 0.000942623
0.166301 0.0507225 0.000946129
0.166529 0.0512715 0.000940575
0.166757 0.0518935 0.000936484
0.166985 0.0527864 0.000945431
0.167213 0.0503701 0.000937457
0.167441 0.049234 0.00094024
0.167669 0.0509355 0.000936291
0.167897 0.0515319 0.000941916
0.168125 0.0528087 0.000941388
0.168353 0.0504107 0.000934824
0.16858 0.0490967 0.000936351
0.168808 0.0508703 0.000935208
0.169036 0.0505964 0.000938057
0.169264 0.048518 0.00093862
0.169492 0.0482424 0.000929465
0.16972 0.0487369 0.000931115
0.169948 0.0513611 0.000933492
0.170176 0.0495117 0.000939511
0.170404 0.0495245 0.000929856
0.170632 0.0496877 0.000932981
0.17086 0.0484869 0.000934171
0.171088 0.0489251 0.000930069
0.171316 0.0504572 0.000929247
0.171544 0.0512312 0.000926356
0.171772 0.0508021 0.000932632
0.172 0.048622 0.000933969
0.172228 0.0468245 0.000927288
0.172456 0.0472784 0.000924507
0.172684 0.0483976 0.000925831
0.172912 0.0475629 0.000930316
0.17314 0.0470767 0.000926172
0.173368 0.0460555 0.000928263
0.173596 0.0459001 0.000923447
0.173824 0.046532 0.000919528
0.174052 0.0485016 0.000924716
0.17428 0.0466812 0.000918401
0.174508 0.0466236 0.000928136
0.174736 0.0463975 0.000922447
0.174964 0.0450212 0.000923615
0.175192 0.0459179 0.000920935
0.17542 0.0452663 0.000916707
0.175648 0.0443253 0.000925984
0.175876 0.0460488 0.000918305
0.176104 0.0454764 0.000919767
0.176332 0.0448103 0.000921197
0.17656 0.0439285 0.000914647
0.176788 0.0429433 0.000923727
0.177016 0.0437889 0.000914279
0.177244 0.0443753 0.00091256
0.177472 0.0449991 0.000921879
0.1777 0.0444825 0.000912615
0.177928 0.0451669 0.000917224
0.178156 0.0455371 0.000907157
0.178384 0.0451455 0.000916675
0.178612 0.0454809 0.000919505
0.17884 0.0458331 0.000912965
0.179068 0.0454325 0.000915377
0.179296 0.0426891 0.000904369
0.179524 0.0432333 0.000915679
0.179752 0.0448901 0.000912992
0.17998 0.0443295 0.000909119
0.180208 0.0452421 0.000916628
0.180436 0.0443936 0.000909035
0.180664 0.0435388 0.000911125
0.180892 0.0439175 0.000910853
0.18112 0.0435204 0.000904812
0.181348 0.0440516 0.000908811
0.181576 0.0435639 0.000910433
0.181804 0.0427408 0.000912229
0.182032 0.0441523 0.000901707
0.18226 0.0450068 0.000901261
0.182488 0.0447919 0.000906809
0.182716 0.0438388 0.000908497
0.182944 0.0436592 0.000904869
0.183172 0.043782 0.000904161
0.1834 0.0426276 0.000905032
0.183628 0.0413671 0.000900404
0.183856 0.0417696 0.000905181
0.184084 0.0433853 0.000906176
0.184312 0.0432163 0.000904989
0.18454 0.0418064 0.000904592
0.184768 0.0420928 0.000899768
0.184996 0.0429871 0.000895307
0.185224 0.0431943 0.000897533
0.185452 0.0424503 0.000907243
0.18568 0.0425653 0.000902677
0.185908 0.0431415 0.000893176
0.186136 0.0442312 0.000900096
0.186364 0.04297 0.000896907
0.186592 0.0424287 0.00090012
0.18682 0.0423988 0.000896717
0.187048 0.0423272 0.000891727
0.187276 0.0421523 0.000900785
0.187504 0.0417265 0.000894187
0.187732 0.0411845 0.000892011
0.18796 0.04125 0.000894271
0.188188 0.0410397 0.000896636
0.188416 0.0411665 0.000900435
0.188644 0.0420132 0.000892153
0.188872 0.0426624 0.000895731
0.1891 0.0420553 0.000892045
0.189328 0.0419464 0.000891496
0.189556 0.0412803 0.000898768
0.189784 0.0417979 0.000884261
0.190012 0.0411715 0.000893609
0.19024 0.0415637 0.000891031
0.190468 0.0408451 0.000893313
0.190696 0.0410781 0.000885361
0.190924 0.0399612 0.000885465
0.191152 0.0403239 0.000892852
0.19138 0.0413063 0.000889253
0.191608 0.0408616 0.000891451
0.191836 0.0402541 0.000885907
0.192064 0.0393803 0.000886711
0.192292 0.0414573 0.000894467
0.19252 0.0419532 0.000885777
0.192748 0.0416145 0.000885087
0.192976 0.0389569 0.000886237
0.193204 0.037328 0.000888643
0.193432 0.0396419 0.000887928
0.19366 0.0406849 0.000880401
0.193888 0.0393984 0.00088338
0.194116 0.0402151 0.000885516
0.194344 0.0414843 0.000885615
0.194572 0.0407856 0.000878884
0.1948 0.0407456 0.000880424
0.195028 0.0407432 0.000885661
0.195256 0.0396068 0.000879931
0.195484 0.0389535 0.000879743
0.195712 0.0385889 0.00087922
0.19594 0.0376176 0.000885424
0.196168 0.0388335 0.000885385
0.196396 0.040218 0.000876425
0.196624 0.0391611 0.000877705
0.196852 0.0379961 0.000874888
0.19708 0.0385276 0.000881183
0.197308 0.0368341 0.000883481
0.197536 0.0379627 0.000873095
0.197764 0.0396544 0.000878011
0.197992 0.0389229 0.000877975
0.19822 0.0365672 0.000878955
0.198448 0.0362877 0.00087248
0.198676 0.0382828 0.000875081
0.198904 0.0378977 0.000880617
0.199132 0.0378244 0.000875268
0.19936 0.0382935 0.000875593
0.199588 0.0377204 0.000871927
0.199816 0.0382171 0.000874059
0.200044 0.0383055 0.000874165
0.200272 0.0376205 0.000871539
0.2005 0.0368491 0.000875912
0.200728 0.0367356 0.00086776
0.200956 0.0387075 0.000875456
0.201184 0.0385857 0.0008741
0.201412 0.0375187 0.000868817
0.20164 0.0352296 0.000874837
0.201868 0.0361739 0.000865901
0.202096 0.0375965 0.000872099
0.202324 0.03745 0.000867607
0.202552 0.0378103 0.000868199
0.20278 0.0382903 0.000876981
0.203008 0.0385379 0.000865401
0.203236 0.0373773 0.000868487
0.203464 0.0363809 0.000865649
0.203692 0.0364279 0.000868124
0.20392 0.0372899 0.000870655
0.204148 0.0373331 0.000862591
0.204376 0.0370297 0.000869717
0.204604 0.0363155 0.000867819
0.204832 0.0367003 0.00086744
0.20506 0.0365483 0.000864757
0.205288 0.0358673 0.000864513
0.205516 0.0362 0.000869624
0.205744 0.0358445 0.000864319
0.205972 0.0360679 0.000863947
0.2062 0.0365136 0.000860329
0.206428 0.036 0.000862509
0.206656 0.0356595 0.000864291
0.206884 0.0354693 0.000867123
0.207112 0.0358696 0.000861763
0.20734 0.0352936 0.000859237
0.207568 0.0351195 0.000863181
0.207796 0.0352709 0.000860988
0.208024 0.0357133 0.000861545
0.208252 0.0351128 0.000863683
0.20848 0.034908 0.000859541
0.208708 0.0356816 0.000863056
0.208936 0.0353333 0.000855904
0.209164 0.0355831 0.000857996
0.209392 0.0372145 0.000859373
0.20962 0.0371804 0.000860405
0.209848 0.0356207 0.000861001
0.210076 0.0343997 0.000851653
0.210304 0.0350463 0.00085772
0.210532 0.0340771 0.000857004
0.21076 0.0339833 0.000855303
0.210988 0.0350572 0.000857156
0.211216 0.0349879 0.000856004
0.211444 0.0346093 0.000858496
0.211672 0.0355573 0.000854292
0.2119 0.0367741 0.000852331
0.212128 0.0366815 0.000859448
0.212356 0.03602 0.000850993
0.212584 0.0351009 0.000860323
0.212812 0.0341731 0.000852097
0.21304 0.0347171 0.000850293
0.213268 0.0341788 0.000851808
0.213496 0.0335549 0.000854304
0.213724 0.0340615 0.000855723
0.213952 0.0352333 0.000850275
0.21418 0.0359247 0.0008553
0.214408 0.0344548 0.000852068
0.214636 0.0340524 0.000851665
0.214864 0.0334173 0.000846921
0.215092 0.0335087 0.000848151
0.21532 0.0328483 0.000853521
0.215548 0.0337859 0.000849584
0.215776 0.0357504 0.000848371
0.216004 0.0342188 0.000849853
0.216232 0.0320807 0.000850483
0.21646 0.0326357 0.000851045
0.216688 0.0324517 0.000846485
0.216916 0.0331932 0.000848303
0.217144 0.0325629 0.000845844
0.217372 0.0328711 0.000850776
0.2176 0.0325949 0.000850965
0.217828 0.0321933 0.000842172
0.218056 0.034048 0.000850563
0.218284 0.0338192 0.000848156
0.218512 0.0325301 0.000846684
0.21874 0.0324623 0.000842764
0.218968 0.0319143 0.000843761
0.219196 0.0326811 0.000848281
0.219424 0.0322997 0.000844925
0.219652 0.0329708 0.000844072
0.21988 0.0333621 0.000842897
0.220108 0.0332427 0.000844079
0.220336 0.0321447 0.000847461
0.220564 0.031858 0.000839543
0.220792 0.0312323 0.000842835
0.22102 0.0315767 0.000844673
0.221248 0.0334416 0.000843963
0.221476 0.03289 0.000844353
0.221704 0.0336011 0.00083682
0.221932 0.0356228 0.000846849
0.22216 0.0345827 0.000843317
0.222388 0.0332563 0.000841889
0.222616 0.0321988 0.000838309
0.222844 0.0317577 0.00083646
0.223072 0.0323713 0.000846744
0.2233 0.0320073 0.000840805
0.223528 0.0302393 0.000837211
0.223756 0.0296915 0.000839027
0.223984 0.0300267 0.000838692
0.224212 0.0315147 0.000846273
0.22444 0.031284 0.000833788
0.224668 0.0311253 0.000838351
0.224896 0.0308852 0.000839597
0.225124 0.0310393 0.000839108
0.225352 0.0316217 0.000842808
0.22558 0.0328784 0.000829556
0.225808 0.0327959 0.000836272
0.226036 0.0316841 0.000839432
0.226264 0.02974 0.000837643
0.226492 0.0298048 0.000837271
0.226719 0.0310324 0.000832289
0.226947 0.0317885 0.000838959
0.227175 0.032702 0.000835987
0.227403 0.0331089 0.000835348
0.227631 0.0331504 0.000832713
0.227859 0.0322687 0.000833359
0.228087 0.030622 0.000839084
0.228315 0.0304767 0.000830424
0.228543 0.031294 0.000832929
0.228771 0.0305091 0.000832637
0.228999 0.0302159 0.000834997
0.229227 0.0304663 0.000833115
0.229455 0.0313839 0.000832619
0.229683 0.0314223 0.000834083
0.229911 0.0309684 0.000829927
0.230139 0.03067 0.000833523
0.230367 0.0318792 0.000825807
0.230595 0.0310495 0.000836664
0.230823 0.0305892 0.000833911
0.231051 0.0305048 0.000831403
0.231279 0.0300316 0.000828485
0.231507 0.0314489 0.000826381
0.231735 0.029682 0.000834812
0.231963 0.0294588 0.000832357
0.232191 0.0290816 0.000826464
0.232419 0.0303616 0.000830767
0.232647 0.0299324 0.000827233
0.232875 0.0305699 0.000836829
0.233103 0.0316407 0.000825043
0.233331 0.0288349 0.000826083
0.233559 0.0285509 0.000830993
0.233787 0.029202 0.000825017
0.234015 0.0289891 0.000833181
0.234243 0.0299816 0.000820825
0.234471 0.0297881 0.000827708
0.234699 0.0301237 0.000836797
0.234927 0.0301453 0.000827719
0.235155 0.0295643 0.000829715
0.235383 0.0295004 0.000826765
0.235611 0.0300161 0.00083166
0.235839 0.0303949 0.000834564
0.236067 0.0301096 0.000827227
0.236295 0.0289863 0.00083642
0.236523 0.0284783 0.000829872
0.236751 0.0288279 0.000835907
0.236979 0.0297909 0.000830933
0.237207 0.0304356 0.000829029
0.237435 0.0288439 0.000836901
0.237663 0.0285897 0.000831456
0.237891 0.0294783 0.000834725
0.238119 0.0295116 0.000832247
0.238347 0.0299812 0.000834781
0.238575 0.0295869 0.000837493
0.238803 0.0296239 0.000833467
0.239031 0.0278988 0.000835249
0.239259 0.0264376 0.000832411
0.239487 0.0274656 0.000839404
0.239715 0.0274697 0.000838313
0.239943 0.0275512 0.000831751
0.240171 0.027432 0.000838341
0.240399 0.0261919 0.000833244
0.240627 0.027786 0.000837973
0.240855 0.0277475 0.000832147
0.241083 0.0269317 0.000832796
0.241311 0.0274883 0.000836152
0.241539 0.0265677 0.000833455
0.241767 0.0270728 0.000835752
0.241995 0.0279215 0.000830287
0.242223 0.0285799 0.000833891
0.242451 0.0287307 0.000833581
0.242679 0.0286109 0.000834547
0.242907 0.0287296 0.000832101
0.243135 0.0286044 0.000828692
0.243363 0.0284799 0.000836123
0.243591 0.0284437 0.000834013
0.243819 0.0280547 0.000829177
0.244047 0.0281536 0.000834165
0.244275 0.0280472 0.000829367
0.244503 0.0262479 0.000830539
0.244731 0.025644 0.000826167
0.244959 0.0264227 0.000829325
0.245187 0.0255844 0.000834571
0.245415 0.0265481 0.000828513
0.245643 0.0276736 0.000831183
0.245871 0.0290271 0.000824525
0.246099 0.0281896 0.000833165
0.246327 0.0274933 0.000830664
0.246555 0.0274003 0.000830915
0.246783 0.0272633 0.000828243
0.247011 0.0253863 0.000823048
0.247239 0.0248216 0.000830909
0.247467 0.0257076 0.000829483
0.247695 0.0261016 0.000826975
0.247923 0.0266287 0.000831032
0.248151 0.0260116 0.000821788
0.248379 0.0264003 0.000830556
0.248607 0.0263317 0.000822631
0.248835 0.0248076 0.000824673
0.249063 0.0261191 0.000831527
0.249291 0.0275233 0.000826156
0.249519 0.0273776 0.000826185
0.249747 0.027912 0.000820381
0.249975 0.0274463 0.000825013
0.250203 0.0258892 0.000828327
0.250431 0.0250364 0.000826245
0.250659 0.0257123 0.000820156
0.250887 0.0269189 0.000820941
0.251115 0.0278723 0.000826453
0.251343 0.0277491 0.000826221
0.251571 0.0269028 0.000821472
0.251799 0.0260689 0.000819859
0.252027 0.0259045 0.000824549
0.252255 0.02534 0.000822924
0.252483 0.0262404 0.000816885
0.252711 0.0257991 0.000822632
0.252939 0.0251131 0.000820184
0.253167 0.0238888 0.000825017
0.253395 0.0246129 0.000822115
0.253623 0.0255441 0.000819524
0.253851 0.0267727 0.000821172
0.254079 0.0268397 0.000817377
0.254307 0.0266536 0.000822843
0.254535 0.0252416 0.000816467
0.254763 0.0231528 0.000819528
0.254991 0.0226673 0.000823815
0.255219 0.0248865 0.000814776
0.255447 0.0249196 0.000817951
0.255675 0.0253945 0.000815389
0.255903 0.0246157 0.000816453
0.256131 0.0249721 0.000821388
0.256359 0.0258873 0.000809769
0.256587 0.0249359 0.000816188
0.256815 0.0247036 0.000813897
0.257043 0.0256143 0.000815839
0.257271 0.0262463 0.000819245
0.257499 0.0272921 0.000807523
0.257727 0.0273263 0.000817947
0.257955 0.0268508 0.000807045
0.258183 0.0278668 0.000809377
0.258411 0.0280815 0.000808808
0.258639 0.0262245 0.000806099
0.258867 0.0256193 0.000810745
0.259095 0.0250919 0.000799845
0.259323 0.0245148 0.000801431
0.259551 0.024652 0.000803447
0.259779 0.0241504 0.000804568
0.260007 0.0249316 0.000807249
0.260235 0.025136 0.000797916
0.260463 0.0256337 0.000805009
0.260691 0.0244084 0.000803364
0.260919 0.0257439 0.000802177
0.261147 0.0253644 0.000800244
0.261375 0.0246089 0.000799135
0.261603 0.0255765 0.000803312
0.261831 0.0251003 0.000802335
0.262059 0.0241108 0.000800844
0.262287 0.0242776 0.000799704
0.262515 0.0235468 0.000801041
0.262743 0.0232248 0.000802312
0.262971 0.0232277 0.0007997
0.263199 0.024118 0.000799972
0.263427 0.0260495 0.000798899
0.263655 0.0259437 0.000800289
0.263883 0.0250971 0.000800857
0.264111 0.0262192 0.000795635
0.264339 0.0252267 0.000800051
0.264567 0.0259391 0.000798544
0.264795 0.0246716 0.000798951
0.265023 0.0228517 0.000797739
0.265251 0.0252209 0.000797537
0.265479 0.0261319 0.000799301
0.265707 0.0258992 0.000798059
0.265935 0.0257856 0.000798001
0.266163 0.0251591 0.000794676
0.266391 0.0236419 0.000798073
0.266619 0.023316 0.000798547
0.266847 0.0234357 0.000796007
0.267075 0.0227549 0.000795027
0.267303 0.0233529 0.000794385
0.267531 0.0247976 0.000798175
0.267759 0.0248143 0.000794276
0.267987 0.0243463 0.000793776
0.268215 0.0237708 0.000797063
0.268443 0.023888 0.000793372
0.268671 0.0242844 0.000795791
0.268899 0.0244004 0.000792955
0.269127 0.0235409 0.000795628
0.269355 0.0228331 0.00079678
0.269583 0.0229416 0.000792223
0.269811 0.0232487 0.000795799
0.270039 0.0236091 0.000790413
0.270267 0.0234675 0.000795309
0.270495 0.0245443 0.000795593
0.270723 0.0236607 0.000791869
0.270951 0.022454 0.000793383
0.271179 0.0224565 0.000792147
0.271407 0.0226171 0.000796675
0.271635 0.0224197 0.000795037
0.271863 0.0222504 0.000792884
0.272091 0.0236992 0.000794517
0.272319 0.0228264 0.000788491
0.272547 0.0241549 0.000792921
0.272775 0.0249603 0.000791123
0.273003 0.0241979 0.000793815
0.273231 0.0242411 0.000795272
0.273459 0.0241353 0.000787325
0.273687 0.0229065 0.000791148
0.273915 0.0222619 0.000789755
0.274143 0.0228603 0.000792425
0.274371 0.0228189 0.000793583
0.274599 0.0227979 0.000791371
0.274827 0.0249479 0.000790267
0.275055 0.0252499 0.000789397
0.275283 0.0237424 0.000791917
0.275511 0.0230509 0.000789709
0.275739 0.0225715 0.000789905
0.275967 0.0234356 0.000791725
0.276195 0.0230827 0.000789081
0.276423 0.0218783 0.000791667
0.276651 0.0217535 0.00078682
0.276879 0.0232476 0.000791705
0.277107 0.0225672 0.000790481
0.277335 0.0218316 0.000790536
0.277563 0.0212504 0.000789837
0.277791 0.0213729 0.000783501
0.278019 0.0212233 0.000789527
0.278247 0.0212305 0.000786604
0.278475 0.0228961 0.000791323
0.278703 0.0226672 0.000790668
0.278931 0.0222853 0.000786428
0.279159 0.0216197 0.000790633
0.279387 0.0220553 0.000785872
0.279615 0.0226149 0.000785585
0.279843 0.0236451 0.000791672
0.280071 0.0227872 0.000783823
0.280299 0.0235331 0.000791008
0.280527 0.0236596 0.000781279
0.280755 0.0224753 0.00078358
0.280983 0.0225625 0.000789027
0.281211 0.0226327 0.000785993
0.281439 0.0219521 0.000792407
0.281667 0.0233045 0.000781923
0.281895 0.0222336 0.000783356
0.282123 0.0218007 0.000786084
0.282351 0.0217232 0.000786393
0.282579 0.0219552 0.000792023
0.282807 0.0224057 0.000782296
0.283035 0.0218845 0.000786304
0.283263 0.0212864 0.000782852
0.283491 0.0222635 0.000783696
0.283719 0.0215859 0.000787779
0.283947 0.0215093 0.000784288
0.284175 0.0223103 0.000785968
0.284403 0.0224788 0.000785555
0.28463 0.0216825 0.000781661
0.284858 0.0214068 0.000785273
0.285086 0.0213648 0.000784792
0.285314 0.0221135 0.000783943
0.285542 0.0215519 0.000782697
0.28577 0.0207076 0.000785564
0.285998 0.0212591 0.00078418
0.286226 0.0218049 0.000782616
0.286454 0.021222 0.000780735
0.286682 0.0205944 0.000784783
0.28691 0.022114 0.000784861
0.287138 0.0218727 0.000781188
0.287366 0.0212643 0.000782419
0.287594 0.0225023 0.000779847
0.287822 0.0218921 0.00078538
0.28805 0.0210659 0.000784508
0.288278 0.0209321 0.000779093
0.288506 0.0224437 0.000782809
0.288734 0.0226916 0.000780424
0.288962 0.0225863 0.0007839
0.28919 0.0229083 0.000779829
0.289418 0.0207209 0.000779584
0.289646 0.0201263 0.000783087
0.289874 0.0200876 0.000780849
0.290102 0.0201645 0.000783472
0.29033 0.0214415 0.000778395
0.290558 0.0220972 0.000780731
0.290786 0.0218689 0.000784027
0.291014 0.0224479 0.000779689
0.291242 0.0226827 0.00078018
0.29147 0.0216536 0.000778932
0.291698 0.0223493 0.000781029
0.291926 0.0221655 0.000783241
0.292154 0.0210232 0.000776387
0.292382 0.0210933 0.000781976
0.29261 0.0216919 0.000777009
0.292838 0.0210772 0.000781795
0.293066 0.0213721 0.000779577
0.293294 0.0215937 0.000774909
0.293522 0.020668 0.000783852
0.29375 0.0198685 0.000776124
0.293978 0.0196483 0.000780768
0.294206 0.0207336 0.000778135
0.294434 0.0206385 0.000778739
0.294662 0.0207189 0.00078184
0.29489 0.0210405 0.000774479
0.295118 0.0206952 0.000778756
0.295346 0.0204119 0.000777155
0.295574 0.0209985 0.000780057
0.295802 0.0214759 0.000783039
0.29603 0.0211565 0.00077226
0.296258 0.0202205 0.000779288
0.296486 0.0205969 0.00077724
0.296714 0.0215175 0.000779544
0.296942 0.0207369 0.000779395
0.29717 0.0196087 0.000777333
0.297398 0.0199612 0.000779523
0.297626 0.020848 0.000777219
0.297854 0.0204197 0.000774441
0.298082 0.0193568 0.000776336
0.29831 0.0195117 0.000778168
0.298538 0.0205844 0.000780893
0.298766 0.0212787 0.000774285
0.298994 0.0214156 0.000775285
0.299222 0.0206791 0.000776745
0.29945 0.0199857 0.000779564
0.299678 0.0196932 0.000778368
0.299906 0.0195068 0.000772669
0.300134 0.02011 0.000776343
0.300362 0.0183732 0.000773849
0.30059 0.0184361 0.000778863
0.300818 0.0191777 0.000774447
0.301046 0.0203076 0.000775659
0.301274 0.020226 0.000779227
0.301502 0.0190545 0.000774201
0.30173 0.0198404 0.000775885
0.301958 0.0211111 0.000773369
0.302186 0.0209604 0.000777008
0.302414 0.0204311 0.000778899
0.302642 0.0205499 0.000772384
0.30287 0.0203509 0.000778239
0.303098 0.0193405 0.000772727
0.303326 0.0187873 0.000775904
0.303554 0.0201908 0.000777948
0.303782 0.0195627 0.000771087
0.30401 0.0195737 0.000777749
0.304238 0.0193253 0.00077454
0.304466 0.0191199 0.000776209
0.304694 0.0194491 0.000771376
0.304922 0.0217032 0.000772353
0.30515 0.0206305 0.000779444
0.305378 0.0188512 0.000773773
0.305606 0.0178469 0.000772708
0.305834 0.0187239 0.00077126
0.306062 0.0186225 0.000773384
0.30629 0.0196217 0.000777097
0.306518 0.0196256 0.000773308
0.306746 0.0203197 0.000775589
0.306974 0.0189891 0.000773207
0.307202 0.0196908 0.000772392
0.30743 0.0190701 0.000769995
0.307658 0.0186593 0.000773703
0.307886 0.018764 0.000776448
0.308114 0.0198935 0.000773521
0.308342 0.0194073 0.000775497
0.30857 0.0194597 0.000769352
0.308798 0.0198915 0.000771909
0.309026 0.0194259 0.000774679
0.309254 0.0182467 0.000771957
0.309482 0.0185631 0.000772189
0.30971 0.0201751 0.000769603
0.309938 0.0197051 0.0007744
0.310166 0.0204632 0.000772481
0.310394 0.0208615 0.000773031
0.310622 0.0210825 0.000773491
0.31085 0.0215285 0.000768256
0.311078 0.0208035 0.000774183
0.311306 0.0193036 0.000771837
0.311534 0.0181504 0.000772977
0.311762 0.0179 0.000773252
0.31199 0.0192333 0.000768004
0.312218 0.0189303 0.000774576
0.312446 0.0179377 0.000771556
0.312674 0.0180315 0.000774072
0.312902 0.0181861 0.000770516
0.31313 0.0182992 0.00076992
0.313358 0.0193955 0.000772424
0.313586 0.0197635 0.000770245
0.313814 0.0191221 0.0007741
0.314042 0.019022 0.000769813
0.31427 0.0189316 0.000768791
0.314498 0.0188617 0.000772653
0.314726 0.0189973 0.000768945
0.314954 0.0198009 0.000774643
0.315182 0.019554 0.000770503
0.31541 0.0177287 0.000770185
0.315638 0.0199539 0.000772071
0.315866 0.0197496 0.000772041
0.316094 0.0185345 0.000775279
0.316322 0.0179824 0.000765535
0.31655 0.0183999 0.000772151
0.316778 0.0172773 0.000771537
0.317006 0.01809 0.000770112
0.317234 0.0179337 0.000771285
0.317462 0.0175275 0.000768332
0.31769 0.0181169 0.000771852
0.317918 0.0188217 0.000771909
0.318146 0.0187795 0.000771132
0.318374 0.0193655 0.000773415
0.318602 0.0183801 0.000766836
0.31883 0.0170549 0.000770809
0.319058 0.0164013 0.000768392
0.319286 0.0167391 0.000769392
0.319514 0.0173161 0.000771696
0.319742 0.0170647 0.000773037
0.31997 0.0178259 0.000774883
0.320198 0.0179884 0.00076598
0.320426 0.0173353 0.000769389
0.320654 0.0184985 0.000771439
0.320882 0.0184749 0.000771904
0.32111 0.0196843 0.000772356
0.321338 0.0192711 0.000763815
0.321566 0.0183492 0.000771096
0.321794 0.0189799 0.000769384
0.322022 0.0190049 0.000770248
0.32225 0.019584 0.000769721
0.322478 0.0182997 0.000769543
0.322706 0.0183785 0.000769404
0.322934 0.0187297 0.00076676
0.323162 0.0186611 0.000772804
0.32339 0.0174801 0.000769669
0.323618 0.0174049 0.000772072
0.323846 0.0169491 0.00077032
0.324074 0.0159765 0.000765216
0.324302 0.0177124 0.000770585
0.32453 0.0180947 0.000769237
0.324758 0.0189664 0.000772451
0.324986 0.0188584 0.000769065
0.325214 0.0178536 0.000766353
0.325442 0.0182664 0.000772512
0.32567 0.018444 0.000767856
0.325898 0.0173851 0.000770281
0.326126 0.0165651 0.000768176
0.326354 0.0175579 0.000769499
0.326582 0.0182833 0.000775767
0.32681 0.0186523 0.000765303
0.327038 0.0176521 0.000770035
0.327266 0.0171405 0.000769951
0.327494 0.0162724 0.000768841
0.327722 0.0176812 0.000773128
0.32795 0.0189741 0.000762508
0.328178 0.0178988 0.000771231
0.328406 0.0167759 0.000767003
0.328634 0.0159563 0.000767584
0.328862 0.0154231 0.00076898
0.32909 0.0152176 0.000768973
0.329318 0.0166657 0.000772235
0.329546 0.0183391 0.000767885
0.329774 0.0172993 0.000767177
0.330002 0.015534 0.000769319
0.33023 0.0149691 0.000768455
0.330458 0.0160532 0.000773067
0.330686 0.0168153 0.000765957
0.330914 0.0177137 0.000768448
0.331142 0.0179139 0.000766955
0.33137 0.0175168 0.000770515
0.331598 0.0163111 0.000767947
0.331826 0.0167847 0.000766407
0.332054 0.0166904 0.000771573
0.332282 0.0165131 0.000769027
0.33251 0.0161156 0.000768029
0.332738 0.0172311 0.00076492
0.332966 0.0173351 0.000769752
0.333194 0.0167491 0.000772179
0.333422 0.0164507 0.000766129
0.33365 0.0162445 0.000767961
0.333878 0.0174792 0.000765937
0.334106 0.0175877 0.000770555
0.334334 0.0164437 0.000772267
0.334562 0.0170767 0.000764229
0.33479 0.0169131 0.000768997
0.335018 0.0167868 0.000768825
0.335246 0.0166772 0.000770211
0.335474 0.0164637 0.000768445
0.335702 0.0165429 0.000765204
0.33593 0.0162223 0.000768624
0.336158 0.0176968 0.00076728
0.336386 0.0169664 0.000772824
0.336614 0.0175552 0.000767
0.336842 0.0187139 0.000766308
0.33707 0.0178165 0.000772169
0.337298 0.0172613 0.000766361
0.337526 0.0166809 0.000767709
0.337754 0.0174988 0.000767061
0.337982 0.0168837 0.000771012
0.33821 0.0168149 0.000769515
0.338438 0.0166688 0.000766496
0.338666 0.016976 0.000769735
0.338894 0.0164971 0.000766357
0.339122 0.0167053 0.000772075
0.33935 0.0170687 0.000766668
0.339578 0.0166033 0.000767485
0.339806 0.0177057 0.000772163
0.340034 0.0169191 0.000766273
0.340262 0.0158447 0.000772288
0.34049 0.0162375 0.000765524
0.340718 0.0167259 0.000770465
0.340946 0.0166291 0.000770752
0.341174 0.0154245 0.000765293
0.341402 0.0157631 0.00076882
0.34163 0.0161725 0.000765741
0.341858 0.0164345 0.000770368
0.342086 0.0164121 0.000771264
0.342314 0.01724 0.00076398
0.342542 0.0181091 0.000773021
0.342769 0.0180716 0.00076614
0.342997 0.0170772 0.000769604
0.343225 0.0159031 0.000766496
0.343453 0.0147549 0.000767081
0.343681 0.0148881 0.000771947
0.343909 0.0141943 0.000766211
0.344137 0.0148757 0.000767012
0.344365 0.0147157 0.000765999
0.344593 0.014204 0.000770945
0.344821 0.0154591 0.0007702
0.345049 0.0158672 0.000769423
0.345277 0.0163747 0.000767625
0.345505 0.0167015 0.000766484
0.345733 0.0164548 0.000771345
0.345961 0.0170232 0.000769087
0.346189 0.0164075 0.000769573
0.346417 0.0155325 0.000768521
0.346645 0.0154763 0.000764841
0.346873 0.0167375 0.000770848
0.347101 0.01588 0.000767984
0.347329 0.0156831 0.000767692
0.347557 0.0158511 0.000771001
0.347785 0.0144756 0.000767479
0.348013 0.0150379 0.000768527
0.348241 0.0155009 0.000764553
0.348469 0.0149513 0.000770316
0.348697 0.0143349 0.0007697
0.348925 0.0151139 0.000771419
0.349153 0.017146 0.000770257
0.349381 0.0172557 0.00076364
0.349609 0.0156068 0.000771108
0.349837 0.0166875 0.000767508
0.350065 0.0156827 0.000768316
0.350293 0.0155883 0.000772632
0.350521 0.015748 0.000763465
0.350749 0.0163421 0.000769
0.350977 0.0157919 0.000764297
0.351205 0.0156829 0.000769064
0.351433 0.0155441 0.000770601
0.351661 0.0157212 0.000769564
0.351889 0.01553 0.000771068
0.352117 0.014776 0.000763568
0.352345 0.0149456 0.000770539
0.352573 0.015324 0.000769904
0.352801 0.0158956 0.000772592
0.353029 0.0166837 0.000771996
0.353257 0.0160516 0.000767105
0.353485 0.0166168 0.000770323
0.353713 0.0176841 0.000768195
0.353941 0.0172913 0.000768248
0.354169 0.0165911 0.000770369
0.354397 0.0173016 0.000769631
0.354625 0.0172328 0.000772553
0.354853 0.0165484 0.000766509
0.355081 0.0166083 0.000768931
0.355309 0.0165664 0.000768425
0.355537 0.0165079 0.000771272
0.355765 0.0166011 0.000770931
0.355993 0.0159544 0.000767556
0.356221 0.0151972 0.000772031
0.356449 0.0152835 0.000767097
0.356677 0.0161235 0.000772133
0.356905 0.0154501 0.000771711
0.357133 0.0146767 0.000768761
0.357361 0.0161007 0.000773092
0.357589 0.0164863 0.000768272
0.357817 0.0154297 0.000767432
0.358045 0.0158439 0.000769265
0.358273 0.0161839 0.000772211
0.358501 0.0154185 0.000773881
0.358729 0.0153496 0.000765309
0.358957 0.0150089 0.000770871
0.359185 0.014356 0.000769667
0.359413 0.0140333 0.000770669
0.359641 0.0136765 0.000771524
0.359869 0.0143759 0.000766955
0.360097 0.0148996 0.000772631
0.360325 0.0151769 0.000769852
0.360553 0.0148983 0.000771019
0.360781 0.0162307 0.000770147
0.361009 0.0160657 0.000770324
0.361237 0.0158139 0.000774321
0.361465 0.0154917 0.000769245
0.361693 0.0150392 0.000771685
0.361921 0.0138876 0.000769957
0.362149 0.0139225 0.000772335
0.362377 0.0153655 0.000774473
0.362605 0.0157829 0.000765876
0.362833 0.0144827 0.00077248
0.363061 0.0137085 0.000770312
0.363289 0.0153253 0.000773835
0.363517 0.0150869 0.000772141
0.363745 0.0139301 0.000767928
0.363973 0.0135923 0.000774652
0.364201 0.0132967 0.0007699
0.364429 0.0136635 0.000774244
0.364657 0.0145097 0.000769825
0.364885 0.0150067 0.000769819
0.365113 0.0146227 0.000775428
0.365341 0.0162805 0.0007676
0.365569 0.0159427 0.000773281
0.365797 0.0140193 0.000772009
0.366025 0.0141283 0.000772251
0.366253 0.0137537 0.000775573
0.366481 0.0142127 0.000767443
0.366709 0.0149799 0.000772965
0.366937 0.0155939 0.000769879
0.367165 0.0150592 0.000773233
0.367393 0.0158899 0.000773433
0.367621 0.0153185 0.000772196
0.367849 0.0144944 0.000775455
0.368077 0.0147911 0.00077184
0.368305 0.0150093 0.000773172
0.368533 0.0160965 0.000771391
0.368761 0.0163908 0.000774648
0.368989 0.0146311 0.000773947
0.369217 0.0131949 0.000770593
0.369445 0.0132095 0.000771343
0.369673 0.0128962 0.000772457
0.369901 0.0132518 0.00077752
0.370129 0.0143347 0.000775201
0.370357 0.0143264 0.000771568
0.370585 0.0131222 0.000774087
0.370813 0.0139641 0.000770823
0.371041 0.0148171 0.000775269
0.371269 0.0136577 0.000771044
0.371497 0.0142595 0.000771995
0.371725 0.0155221 0.000775869
0.371953 0.0153093 0.000771627
0.372181 0.0150313 0.000774721
0.372409 0.0142687 0.000772856
0.372637 0.0137232 0.000775001
0.372865 0.0145327 0.000778157
0.373093 0.0148809 0.0007745
0.373321 0.0139656 0.000770959
0.373549 0.0134692 0.000773424
0.373777 0.0138508 0.000777079
0.374005 0.0153745 0.000777495
0.374233 0.0148043 0.000772424
0.374461 0.0136495 0.000775513
0.374689 0.0139683 0.000776592
0.374917 0.0138999 0.000774437
0.375145 0.0145937 0.000776144
0.375373 0.0140079 0.000774895
0.375601 0.0142603 0.000778583
0.375829 0.0145013 0.000776456
0.376057 0.0142323 0.000774063
0.376285 0.0148145 0.000776049
0.376513 0.0137019 0.000775695
0.376741 0.0140284 0.000777075
0.376969 0.0143972 0.000780081
0.377197 0.0149705 0.000775436
0.377425 0.0154581 0.000775675
0.377653 0.0146345 0.000778024
0.377881 0.0137941 0.000777461
0.378109 0.0124874 0.000776475
0.378337 0.0127499 0.000776408
0.378565 0.0127238 0.000780248
0.378793 0.0139577 0.000777197
0.379021 0.0138157 0.000775665
0.379249 0.0141024 0.000779748
0.379477 0.0140396 0.0007785
0.379705 0.0139197 0.000779884
0.379933 0.0139537 0.000775459
0.380161 0.0149465 0.000776701
0.380389 0.0133937 0.000780556
0.380617 0.0135393 0.000778887
0.380845 0.0145211 0.000779481
0.381073 0.013788 0.000777841
0.381301 0.0146723 0.000777825
0.381529 0.0141144 0.000781169
0.381757 0.0143563 0.000777463
0.381985 0.0151615 0.000777975
0.382213 0.0153853 0.000779667
0.382441 0.0156049 0.00078088
0.382669 0.0150668 0.000782003
0.382897 0.0130144 0.000778164
0.383125 0.0128251 0.000778647
0.383353 0.0132035 0.000780341
0.383581 0.0135121 0.000779636
0.383809 0.0142695 0.000780769
0.384037 0.0142831 0.000780536
0.384265 0.013152 0.000781568
0.384493 0.0125411 0.000782364
0.384721 0.0138641 0.000779668
0.384949 0.0157951 0.000782503
0.385177 0.0141125 0.000781281
0.385405 0.0135851 0.000782839
0.385633 0.0132722 0.000782379
0.385861 0.0143912 0.000777187
0.386089 0.0136703 0.00078468
0.386317 0.0152279 0.000783676
0.386545 0.0146501 0.000784908
0.386773 0.0141655 0.000782164
0.387001 0.0137199 0.000782681
0.387229 0.0125229 0.000783696
0.387457 0.0139707 0.000782952
0.387685 0.01377 0.000782437
0.387913 0.0121676 0.000783925
0.388141 0.0125673 0.000784647
0.388369 0.012601 0.000786789
0.388597 0.0139603 0.000783191
0.388825 0.0147588 0.000781409
0.389053 0.0145799 0.000784568
0.389281 0.0158177 0.000787005
0.389509 0.0158963 0.000788941
0.389737 0.0140153 0.000781515
0.389965 0.0132659 0.000784743
0.390193 0.0135055 0.000786065
0.390421 0.0136343 0.00078608
0.390649 0.012749 0.000786508
0.390877 0.0124114 0.000782105
0.391105 0.0131747 0.000785956
0.391333 0.0124595 0.000787317
0.391561 0.0119839 0.000784135
0.391789 0.0127161 0.000788623
0.392017 0.0134248 0.000788528
0.392245 0.01376 0.000787939
0.392473 0.0135876 0.000788871
0.392701 0.0144301 0.000784403
0.392929 0.0143357 0.000788471
0.393157 0.0136012 0.000788115
0.393385 0.0134215 0.000788499
0.393613 0.0141903 0.000786017
0.393841 0.0145367 0.000788112
0.394069 0.014492 0.000791595
0.394297 0.0138936 0.000788271
0.394525 0.0142705 0.000785956
0.394753 0.0144353 0.000788875
0.394981 0.0139769 0.000789799
0.395209 0.0134029 0.000791085
0.395437 0.0138124 0.000789473
0.395665 0.0126483 0.000789139
0.395893 0.0129803 0.000792924
0.396121 0.0137419 0.000790008
0.396349 0.0134205 0.000788217
0.396577 0.0138693 0.000791133
0.396805 0.0144573 0.000791224
0.397033 0.0127891 0.000793213
0.397261 0.0123245 0.000789637
0.397489 0.0124117 0.000790787
0.397717 0.0138772 0.000793976
0.397945 0.0145415 0.000794439
0.398173 0.0134605 0.00079458
0.398401 0.0129151 0.000790257
0.398629 0.0132131 0.000793008
0.398857 0.0124612 0.000792995
0.399085 0.0144 0.000791499
0.399313 0.0141544 0.000792192
0.399541 0.0134313 0.000792917
0.399769 0.0128595 0.00079552
0.399997 0.0134519 0.000793441
0.400225 0.0128756 0.000790672
0.400453 0.0133364 0.000793029
0.400681 0.0139233 0.000797257
0.400908 0.0134323 0.00079576
0.401136 0.0124755 0.000796515
0.401364 0.0132319 0.000793828
0.401592 0.013802 0.000795956
0.40182 0.0126709 0.000795241
0.402048 0.0124461 0.000795996
0.402276 0.0120614 0.000793528
0.402504 0.0132725 0.000796411
0.402732 0.0131645 0.000798735
0.40296 0.0142012 0.000797245
0.403188 0.0135215 0.000796291
0.403416 0.0137732 0.000798096
0.403644 0.013514 0.000798033
0.403872 0.0128565 0.000799151
0.4041 0.0127303 0.000797672
0.404328 0.0127945 0.000797377
0.404556 0.0127185 0.000798429
0.404784 0.0112544 0.000799224
0.405012 0.0115522 0.000800144
0.40524 0.0129934 0.000798447
0.405468 0.0130195 0.000799932
0.405696 0.0136453 0.000799429
0.405924 0.0133565 0.000799892
0.406152 0.013099 0.000797085
0.40638 0.0129671 0.000802569
0.406608 0.0142611 0.00080322
0.406836 0.0138547 0.000803164
0.407064 0.0131353 0.000799744
0.407292 0.0111604 0.000800933
0.40752 0.0116597 0.00080184
0.407748 0.0125162 0.000803295
0.407976 0.0121342 0.000803001
0.408204 0.0132183 0.000802991
0.408432 0.0138271 0.000801891
0.40866 0.0137573 0.000803413
0.408888 0.0129652 0.000804301
0.409116 0.0126274 0.000802932
0.409344 0.0128186 0.000803809
0.409572 0.0132451 0.000806541
0.4098 0.013408 0.000803965
0.410028 0.0133491 0.000803393
0.410256 0.0134925 0.000805323
0.410484 0.0130091 0.000807229
0.410712 0.0122607 0.000806957
0.41094 0.011913 0.000805228
0.411168 0.0120692 0.000804384
0.411396 0.0130735 0.000806895
0.411624 0.0136684 0.000806427
0.411852 0.0125226 0.000808169
0.41208 0.0109015 0.000808557
0.412308 0.0106232 0.000808212
0.412536 0.0119084 0.000809617
0.412764 0.0136593 0.000805319
0.412992 0.0141387 0.000806167
0.41322 0.0142397 0.000809365
0.413448 0.0134103 0.000810903
0.413676 0.0128699 0.000810425
0.413904 0.0136604 0.000808381
0.414132 0.0150565 0.000810675
0.41436 0.0144568 0.000813932
0.414588 0.013562 0.000812884
0.414816 0.0133912 0.000809773
0.415044 0.0140201 0.000813256
0.415272 0.0147789 0.000812961
0.4155 0.0138092 0.000813132
0.415728 0.0130971 0.00080876
0.415956 0.0133693 0.000813251
0.416184 0.0125587 0.000815713
0.416412 0.0125082 0.000815055
0.41664 0.0139552 0.000812747
0.416868 0.0139737 0.000811388
0.417096 0.0137452 0.000816212
0.417324 0.0142161 0.000817212
0.417552 0.0140593 0.000814088
0.41778 0.012582 0.000815097
0.418008 0.0116741 0.000815861
0.418236 0.0123797 0.000814825
0.418464 0.0126518 0.000817935
0.418692 0.0131291 0.000814843
0.41892 0.0122817 0.000817655
0.419148 0.0118297 0.000820169
0.419376 0.0118211 0.000819323
0.419604 0.0116245 0.000815297
0.419832 0.0115117 0.000817455
0.42006 0.0110212 0.000819615
0.420288 0.011365 0.000820607
0.420516 0.0121413 0.000817788
0.420744 0.0133102 0.000821568
0.420972 0.0132709 0.000818448
0.4212 0.0123567 0.000821251
0.421428 0.0127206 0.000818864
0.421656 0.0128441 0.000822464
0.421884 0.0118052 0.000825932
0.422112 0.0118968 0.000822911
0.42234 0.0124589 0.00082004
0.422568 0.0136315 0.000819831
0.422796 0.0128371 0.000822731
0.423024 0.0133543 0.000827004
0.423252 0.012391 0.000824795
0.42348 0.0129986 0.00082518
0.423708 0.0130356 0.000825432
0.423936 0.0123738 0.000824988
0.424164 0.0115135 0.000826153
0.424392 0.0123841 0.000824309
0.42462 0.012394 0.000824911
0.424848 0.01263 0.000828768
0.425076 0.0122458 0.000829048
0.425304 0.0123746 0.000825035
0.425532 0.0119193 0.000827956
0.42576 0.0126605 0.000829569
0.425988 0.0134405 0.000830941
0.426216 0.0123684 0.000829869
0.426444 0.012741 0.000828881
0.426672 0.0123247 0.000829917
0.4269 0.0113484 0.000831729
0.427128 0.0117188 0.000834741
0.427356 0.0122552 0.000829079
0.427584 0.0136731 0.000831516
0.427812 0.0128806 0.00083294
0.42804 0.0132181 0.000831469
0.428268 0.012932 0.000830337
0.428496 0.0112189 0.000834525
0.428724 0.0109256 0.00083638
0.428952 0.0115645 0.000836385
0.42918 0.0118058 0.000832957
0.429408 0.0121275 0.000831701
0.429636 0.0120913 0.000836236
0.429864 0.0115154 0.000837323
0.430092 0.0119162 0.000838217
0.43032 0.0123986 0.000835604
0.430548 0.0132177 0.000839199
0.430776 0.0115737 0.000840053
0.431004 0.0109226 0.000840037
0.431232 0.0112124 0.00083684
0.43146 0.010938 0.000836825
0.431688 0.0110851 0.00084044
0.431916 0.0112082 0.000841667
0.432144 0.0122775 0.000839048
0.432372 0.0119011 0.000840473
0.4326 0.0105902 0.000842087
0.432828 0.0114266 0.000842607
0.433056 0.0113545 0.000841787
0.433284 0.0104555 0.000843415
0.433512 0.0106532 0.0008437
0.43374 0.0120637 0.000844253
0.433968 0.0124397 0.000841797
0.434196 0.0127534 0.000843205
0.434424 0.012225 0.000846041
0.434652 0.01112 0.000847404
0.43488 0.0120988 0.000848553
0.435108 0.0124399 0.000842644
0.435336 0.0122552 0.000846951
0.435564 0.0114727 0.000848785
0.435792 0.0115864 0.000850819
0.43602 0.0122938 0.000848271
0.436248 0.0118576 0.000849237
0.436476 0.012337 0.000852023
0.436704 0.0117039 0.000850651
0.436932 0.0125422 0.000849957
0.43716 0.0116667 0.000851767
0.437388 0.0102826 0.000852851
0.437616 0.011568 0.000854279
0.437844 0.0116701 0.000851988
0.438072 0.0105115 0.000853172
0.4383 0.0101743 0.000854771
0.438528 0.0110395 0.000855152
0.438756 0.0119607 0.000855527
0.438984 0.0111681 0.000855525
0.439212 0.0131775 0.000854844
0.43944 0.0132385 0.000857501
0.439668 0.0121667 0.000857983
0.439896 0.0113258 0.000857924
0.440124 0.0104735 0.000859359
0.440352 0.0101633 0.000858805
0.44058 0.0103522 0.000863109
0.440808 0.0101274 0.0008552
0.441036 0.00867876 0.000860172
0.441264 0.00960263 0.000861951
0.441492 0.00984829 0.000864717
0.44172 0.0107344 0.000861885
0.441948 0.0108343 0.000863104
0.442176 0.00986567 0.000864299
0.442404 0.00963561 0.000866383
0.442632 0.00758393 0.000867884
0.44286 0.00878056 0.000862367
0.443088 0.00996173 0.000864901
0.443316 0.0103885 0.000867039
0.443544 0.0102404 0.000866724
0.443772 0.0112737 0.000865799
0.444 0.0120363 0.000868772
0.444228 0.0119731 0.000871829
0.444456 0.0110433 0.00087138
0.444684 0.0106361 0.000868927
0.444912 0.0117744 0.000870017
0.44514 0.0130515 0.000873455
0.445368 0.0130716 0.000873165
0.445596 0.0121557 0.000872992
0.445824 0.0113637 0.000870748
0.446052 0.0115528 0.000874244
0.44628 0.0111583 0.000874048
0.446508 0.0103059 0.000876388
0.446736 0.0122989 0.000874975
0.446964 0.0123513 0.000877312
0.447192 0.0107395 0.000881063
0.44742 0.0106914 0.000880004
0.447648 0.0119381 0.000875052
0.447876 0.0122731 0.000879424
0.448104 0.0121769 0.000879655
0.448332 0.0115281 0.000882144
0.44856 0.0099278 0.000879936
0.448788 0.00857027 0.000881364
0.449016 0.0109114 0.000882676
0.449244 0.0108093 0.000884972
0.449472 0.00926871 0.000885965
0.4497 0.00888491 0.00088592
0.449928 0.00937225 0.000886555
0.450156 0.0103513 0.000888517
0.450384 0.0101598 0.000887592
0.450612 0.0101203 0.000884905
0.45084 0.0111238 0.000890561
0.451068 0.0114695 0.000892379
0.451296 0.0111639 0.000893663
0.451524 0.0105843 0.000891617
0.451752 0.0113288 0.00089142
0.45198 0.0110981 0.000892116
0.452208 0.0113951 0.000893193
0.452436 0.0117467 0.000892879
0.452664 0.0125218 0.000898232
0.452892 0.0114872 0.000900443
0.45312 0.0104795 0.000899337
0.453348 0.0100301 0.000891511
0.453576 0.0115159 0.000898724
0.453804 0.0109312 0.000898552
0.454032 0.0119462 0.000899823
0.45426 0.0112283 0.000900156
0.454488 0.010718 0.000901361
0.454716 0.00907577 0.000900232
0.454944 0.00803863 0.000903473
0.455172 0.00840219 0.000905867
0.4554 0.00932781 0.000901368
0.455628 0.00918761 0.000906951
0.455856 0.00919016 0.000910212
0.456084 0.00991919 0.000908903
0.456312 0.0101551 0.000903103
0.45654 0.00870472 0.000909597
0.456768 0.00888332 0.000910648
0.456996 0.0101449 0.000911515
0.457224 0.0106293 0.000908955
0.457452 0.0109243 0.000908612
0.45768 0.0110443 0.000911396
0.457908 0.0112452 0.000913587
0.458136 0.010363 0.000914019
0.458364 0.0105749 0.000912112
0.458592 0.00958505 0.000921439
0.458819 0.00896873 0.000917705
0.459047 0.00893015 0.000919031
0.459275 0.00892936 0.000915939
0.459503 0.00977373 0.000918189
0.459731 0.0110559 0.000921205
0.459959 0.0109195 0.000923437
0.460187 0.0106476 0.000923421
0.460415 0.00934852 0.000921009
0.460643 0.00918825 0.000923928
0.460871 0.00884524 0.000928008
0.461099 0.00944411 0.000926504
0.461327 0.00917821 0.000929175
0.461555 0.0104744 0.000931017
0.461783 0.010719 0.000927379
0.462011 0.0104867 0.000928857
0.462239 0.0103165 0.000931315
0.462467 0.00929372 0.00093358
0.462695 0.0107567 0.000935073
0.462923 0.0108262 0.000933952
0.463151 0.0107801 0.000936016
0.463379 0.00995009 0.000936472
0.463607 0.0103447 0.000936817
0.463835 0.0110212 0.000940439
0.464063 0.0105858 0.000939908
0.464291 0.00928432 0.000942607
0.464519 0.00937847 0.000942776
0.464747 0.00929769 0.000940289
0.464975 0.0104519 0.000943157
0.465203 0.0106269 0.000943715
0.465431 0.0109686 0.000947185
0.465659 0.0118671 0.000949973
0.465887 0.0108279 0.000948649
0.466115 0.00936652 0.000949069
0.466343 0.0081186 0.000950464
0.466571 0.0101464 0.000953648
0.466799 0.0106187 0.000951387
0.467027 0.00854907 0.000954245
0.467255 0.00758919 0.00095512
0.467483 0.00764813 0.000956248
0.467711 0.00975892 0.000956765
0.467939 0.00821132 0.000959305
0.468167 0.0079956 0.000960327
0.468395 0.0092636 0.000964569
0.468623 0.00978027 0.000960537
0.468851 0.0109395 0.000959731
0.469079 0.0104016 0.000965203
0.469307 0.00925388 0.000964804
0.469535 0.0104296 0.000969577
0.469763 0.00977007 0.000970685
0.469991 0.0118621 0.000972272
0.470219 0.0117295 0.000970584
0.470447 0.0104201 0.000971283
0.470675 0.00870313 0.000971347
0.470903 0.00875841 0.000973745
0.471131 0.00932685 0.000977484
0.471359 0.0094712 0.000978711
0.471587 0.0110825 0.000977373
0.471815 0.0113331 0.000977547
0.472043 0.0114145 0.000984101
0.472271 0.0101846 0.00098374
0.472499 0.00987028 0.000982971
0.472727 0.00883791 0.000986632
0.472955 0.0101789 0.000985575
0.473183 0.00970045 0.000987977
0.473411 0.0106179 0.000990512
0.473639 0.0107054 0.000994711
0.473867 0.00896728 0.000996976
0.474095 0.00943709 0.000992676
0.474323 0.00966444 0.000993765
0.474551 0.0085094 0.00099936
0.474779 0.00932844 0.000997787
0.475007 0.00970857 0.00100129
0.475235 0.00977263 0.00100161
0.475463 0.0106544 0.00100401
0.475691 0.0108284 0.00100659
0.475919 0.00912835 0.00100214
0.476147 0.00678003 0.0010049
0.476375 0.00750444 0.00101031
0.476603 0.00866585 0.00101415
0.476831 0.00914189 0.00101627
0.477059 0.00792328 0.00101568
0.477287 0.00751096 0.00101331
0.477515 0.00826453 0.00101525
0.477743 0.00941861 0.00102072
0.477971 0.00770884 0.00102322
0.478199 0.00852327 0.00102356
0.478427 0.00931729 0.00102517
0.478655 0.00783549 0.00102341
0.478883 0.00802093 0.00102733
0.479111 0.00916005 0.00102995
0.479339 0.00874933 0.00103445
0.479567 0.00763571 0.00103555
0.479795 0.00746141 0.0010373
0.480023 0.00868879 0.0010347
0.480251 0.00788775 0.0010367
0.480479 0.00825147 0.0010447
0.480707 0.00982376 0.00104529
0.480935 0.00893956 0.00104759
0.481163 0.00715649 0.00105092
0.481391 0.00635003 0.00104706
0.481619 0.00775201 0.0010495
0.481847 0.00967911 0.00105224
0.482075 0.0109946 0.00105273
0.482303 0.0110053 0.00105475
0.482531 0.0116736 0.00105818
0.482759 0.0114035 0.00105823
0.482987 0.0101153 0.00106184
0.483215 0.00815221 0.00106461
0.483443 0.00961856 0.00106441
0.483671 0.00899277 0.00107153
0.483899 0.00928575 0.00107359
0.484127 0.0100051 0.00107266
0.484355 0.008294 0.00107147
0.484583 0.00807575 0.00107877
0.484811 0.00982775 0.00108247
0.485039 0.0101456 0.00108638
0.485267 0.0108697 0.00108494
0.485495 0.0107081 0.00108706
0.485723 0.0114649 0.00108857
0.485951 0.0104419 0.00109462
0.486179 0.00974681 0.00109738
0.486407 0.0105228 0.00109717
0.486635 0.00863208 0.00109909
0.486863 0.00791308 0.00110214
0.487091 0.00851848 0.00110306
0.487319 0.00778897 0.00110424
0.487547 0.00678019 0.00111211
0.487775 0.00613623 0.0011155
0.488003 0.00801759 0.00111576
0.488231 0.0100812 0.00111995
0.488459 0.00800947 0.00112118
0.488687 0.00719281 0.00112671
0.488915 0.00692548 0.00112517
0.489143 0.00529997 0.00112843
0.489371 0.00628567 0.00113367
0.489599 0.00860276 0.00113289
0.489827 0.00944411 0.00113783
0.490055 0.00928957 0.00114321
0.490283 0.00930312 0.00114845
0.490511 0.0093936 0.00114903
0.490739 0.0100838 0.0011481
0.490967 0.00762775 0.00115456
0.491195 0.00856755 0.00115785
0.491423 0.00945701 0.00116129
0.491651 0.00997463 0.00116731
0.491879 0.010439 0.00116943
0.492107 0.00879744 0.0011741
0.492335 0.00798939 0.00118081
0.492563 0.00884047 0.00118032
0.492791 0.0111593 0.00118125
0.493019 0.00910127 0.00119117
0.493247 0.0093294 0.00119552
0.493475 0.0108348 0.00119498
0.493703 0.00938612 0.00119498
0.493931 0.00659092 0.00120466
0.494159 0.00570177 0.00120786
0.494387 0.00810123 0.00121299
0.494615 0.0106234 0.00121769
0.494843 0.0113403 0.00121943
0.495071 0.011187 0.00122683
0.495299 0.0100688 0.0012313
0.495527 0.00977293 0.00123792
0.495755 0.011253 0.00124091
0.495983 0.0113734 0.00124154
0.496211 0.0112485 0.00124789
0.496439 0.0107728 0.00125648
0.496667 0.0110322 0.00126303
0.496895 0.011604 0.00126666
0.497123 0.00921963 0.00127236
0.497351 0.00927364 0.00127762
0.497579 0.0101097 0.00128501
0.497807 0.00893509 0.00128836
0.498035 0.00886643 0.00129254
0.498263 0.00921565 0.00129477
0.498491 0.00837191 0.00130209
0.498719 0.0103264 0.00131268
0.498947 0.0109739 0.00131889
0.499175 0.00880031 0.00132672
0.499403 0.00746492 0.00133371
0.499631 0.00953955 0.00133663
0.499859 0.0101895 0.00134616
0.500087 0.0106109 0.00135628
0.500315 0.00824844 0.00136609
0.500543 0.00844663 0.0013722
0.500771 0.00913695 0.00137847
0.500999 0.0105729 0.00138397
0.501227 0.00897987 0.00139556
0.501455 0.0104483 0.0014038
0.501683 0.00919956 0.00141136
0.501911 0.0101854 0.00142241
