0.0290469 0.616206 0.00413196
0.0292749 0.613283 0.00389163
0.0295029 0.612391 0.00380056
0.0297309 0.610866 0.00376179
0.0299589 0.60969 0.00379913
0.0301869 0.6071 0.00372929
0.0304149 0.605091 0.00365609
0.0306429 0.591944 0.00363257
0.0308709 0.590966 0.00360977
0.0310989 0.582939 0.00360459
0.0313269 0.584427 0.00353239
0.0315549 0.583059 0.00351757
0.0317829 0.581441 0.00348726
0.0320108 0.579513 0.00347481
0.0322388 0.571989 0.00342053
0.0324668 0.571209 0.00340241
0.0326948 0.5637 0.00342084
0.0329228 0.56995 0.00336224
0.0331508 0.565723 0.00331344
0.0333788 0.557821 0.00325111
0.0336068 0.55346 0.00328469
0.0338348 0.549853 0.00325127
0.0340628 0.544333 0.00325284
0.0342908 0.542309 0.0031936
0.0345188 0.545793 0.00316327
0.0347468 0.543743 0.00317434
0.0349748 0.534746 0.00313614
0.0352028 0.531617 0.00311153
0.0354308 0.532104 0.00309213
0.0356588 0.529703 0.00304866
0.0358868 0.524784 0.00309047
0.0361148 0.517596 0.0029902
0.0363428 0.511824 0.00300211
0.0365708 0.509346 0.00299089
0.0367988 0.513311 0.00296719
0.0370268 0.514289 0.00297681
0.0372548 0.508687 0.00291007
0.0374828 0.500581 0.00292437
0.0377108 0.50358 0.00289927
0.0379387 0.500094 0.00286359
0.0381667 0.494724 0.00287341
0.0383947 0.48643 0.00284193
0.0386227 0.485846 0.00287001
0.0388507 0.48374 0.00279064
0.0390787 0.479159 0.0027758
0.0393067 0.474121 0.0028049
0.0395347 0.473076 0.00274421
0.0397627 0.470389 0.00277669
0.0399907 0.464634 0.00272604
0.0402187 0.458661 0.00270131
0.0404467 0.456634 0.00270959
0.0406747 0.45248 0.00269341
0.0409027 0.45404 0.00267369
0.0411307 0.45298 0.0026543
0.0413587 0.443701 0.00266259
0.0415867 0.444464 0.00264593
0.0418147 0.440091 0.00263949
0.0420427 0.436514 0.00260767
0.0422707 0.435643 0.00258934
0.0424987 0.4321 0.00259873
0.0427267 0.427059 0.00258127
0.0429547 0.42698 0.00252277
0.0431827 0.425544 0.00254503
0.0434107 0.419453 0.00254371
0.0436386 0.415511 0.00253477
0.0438666 0.414634 0.00250617
0.0440946 0.41449 0.00251387
0.0443226 0.411907 0.00249437
0.0445506 0.408849 0.00248486
0.0447786 0.407113 0.00246173
0.0450066 0.408217 0.00243799
0.0452346 0.403221 0.00245114
0.0454626 0.401676 0.0024578
0.0456906 0.399856 0.00244631
0.0459186 0.396357 0.00240874
0.0461466 0.394757 0.00239689
0.0463746 0.391983 0.00238733
0.0466026 0.381543 0.00238806
0.0468306 0.380286 0.00237556
0.0470586 0.380171 0.0023526
0.0472866 0.38026 0.00235919
0.0475146 0.375476 0.0023655
0.0477426 0.375349 0.00232599
0.0479706 0.374591 0.00233606
0.0481986 0.372771 0.00231483
0.0484266 0.369614 0.0023388
0.0486546 0.367926 0.00229779
0.0488826 0.369169 0.00226666
0.0491106 0.360994 0.00230903
0.0493386 0.358273 0.00226497
0.0495665 0.354667 0.00227681
0.0497945 0.352389 0.00225083
0.0500225 0.348707 0.00224087
0.0502505 0.346904 0.00224933
0.0504785 0.343894 0.00222444
0.0507065 0.34351 0.0022385
0.0509345 0.337899 0.00221626
0.0511625 0.334711 0.00222653
0.0513905 0.331379 0.00223803
0.0516185 0.330959 0.00216333
0.0518465 0.329899 0.0021923
0.0520745 0.323831 0.00217619
0.0523025 0.326661 0.00217507
0.0525305 0.323777 0.00217231
0.0527585 0.326676 0.00215449
0.0529865 0.324783 0.00216551
0.0532145 0.32213 0.00214351
0.0534425 0.31922 0.00213564
0.0536705 0.316183 0.00213319
0.0538985 0.31451 0.00212433
0.0541265 0.31098 0.00214281
0.0543545 0.307907 0.00209054
0.0545825 0.30197 0.00209546
0.0548105 0.303497 0.00209783
0.0550385 0.305006 0.00210181
0.0552664 0.302197 0.00210961
0.0554944 0.299211 0.00205679
0.0557224 0.296509 0.00204636
0.0559504 0.294991 0.00206406
0.0561784 0.292381 0.00207156
0.0564064 0.28534 0.00204671
0.0566344 0.282994 0.00204793
0.0568624 0.284964 0.00205377
0.0570904 0.286506 0.00203446
0.0573184 0.28346 0.00202303
0.0575464 0.281699 0.00201207
0.0577744 0.280111 0.00202786
0.0580024 0.275553 0.00202281
0.0582304 0.277701 0.0020065
0.0584584 0.278283 0.00198806
0.0586864 0.276114 0.00197271
0.0589144 0.272616 0.00200367
0.0591424 0.268353 0.0019848
0.0593704 0.268476 0.00196137
0.0595984 0.27004 0.00198067
0.0598264 0.267073 0.00196446
0.0600544 0.263887 0.00196487
0.0602824 0.263281 0.00194437
0.0605104 0.2605 0.00194563
0.0607384 0.260201 0.00195984
0.0609664 0.256334 0.00193449
0.0611943 0.255656 0.00193266
0.0614223 0.253449 0.00192081
0.0616503 0.254739 0.00191613
0.0618783 0.252819 0.00193056
0.0621063 0.250361 0.00191304
0.0623343 0.247891 0.00191161
0.0625623 0.245604 0.00190121
0.0627903 0.246053 0.00188921
0.0630183 0.24133 0.00188794
0.0632463 0.24176 0.00187037
0.0634743 0.239273 0.00188639
0.0637023 0.236119 0.00187513
0.0639303 0.234619 0.00188096
0.0641583 0.231097 0.00186049
0.0643863 0.231753 0.00185816
0.0646143 0.227811 0.00187283
0.0648423 0.225901 0.00185224
0.0650703 0.224777 0.00184207
0.0652983 0.226049 0.00183374
0.0655263 0.226753 0.00184234
0.0657543 0.226789 0.00182947
0.0659823 0.228121 0.00182911
0.0662103 0.226506 0.00182987
0.0664383 0.225074 0.00182511
0.0666663 0.22425 0.00182944
0.0668942 0.219633 0.00180189
0.0671222 0.217626 0.00179727
0.0673502 0.21716 0.00180486
0.0675782 0.216591 0.0018033
0.0678062 0.21531 0.00180813
0.0680342 0.213094 0.00177551
0.0682622 0.212441 0.00179206
0.0684902 0.211161 0.00178089
0.0687182 0.212274 0.00177441
0.0689462 0.211166 0.00176406
0.0691742 0.20629 0.00176923
0.0694022 0.202783 0.00177757
0.0696302 0.204203 0.00176826
0.0698582 0.20455 0.00175814
0.0700862 0.201747 0.00173713
0.0703142 0.201463 0.001742
0.0705422 0.202717 0.0017556
0.0707702 0.201093 0.00174076
0.0709982 0.199247 0.00173309
0.0712262 0.198601 0.00172994
0.0714542 0.197524 0.00173386
0.0716822 0.194656 0.00172981
0.0719102 0.196324 0.00171001
0.0721382 0.194243 0.00171956
0.0723662 0.190766 0.00170779
0.0725942 0.188223 0.00171094
0.0728221 0.185377 0.00170663
0.0730501 0.184724 0.00168813
0.0732781 0.185476 0.00171333
0.0735061 0.18552 0.00169487
0.0737341 0.184099 0.001692
0.0739621 0.182864 0.00168454
0.0741901 0.180296 0.00166864
0.0744181 0.176929 0.00168981
0.0746461 0.175137 0.00167127
0.0748741 0.176051 0.00166544
0.0751021 0.178387 0.00167579
0.0753301 0.177951 0.00165804
0.0755581 0.177043 0.00167331
0.0757861 0.174159 0.0016465
0.0760141 0.172821 0.00165583
0.0762421 0.173966 0.00165977
0.0764701 0.169996 0.00164167
0.0766981 0.169169 0.00164141
0.0769261 0.171704 0.00162673
0.0771541 0.17246 0.00164714
0.0773821 0.168631 0.0016386
0.0776101 0.165716 0.00162953
0.0778381 0.164164 0.00162416
0.0780661 0.165417 0.00161629
0.0782941 0.166643 0.00162707
0.078522 0.167707 0.00162494
0.07875 0.165146 0.00160186
0.078978 0.164484 0.0016095
0.079206 0.164103 0.00161969
0.079434 0.161961 0.00160926
0.079662 0.160079 0.00157926
0.07989 0.158036 0.00159003
0.080118 0.158637 0.00160279
0.080346 0.156584 0.00159981
0.080574 0.155423 0.00158877
0.080802 0.155489 0.00158197
0.08103 0.154064 0.00158021
0.081258 0.15381 0.00157989
0.081486 0.152287 0.00157723
0.081714 0.149577 0.0015689
0.081942 0.151204 0.00157101
0.08217 0.15444 0.00157363
0.082398 0.150616 0.0015494
0.082626 0.14831 0.00155816
0.082854 0.14888 0.00156183
0.083082 0.147536 0.00156809
0.08331 0.147263 0.00155961
0.083538 0.148494 0.00152966
0.083766 0.14618 0.0015403
0.083994 0.143991 0.0015418
0.084222 0.145293 0.0015468
0.0844499 0.146304 0.00153203
0.0846779 0.144239 0.00152769
0.0849059 0.144186 0.00154387
0.0851339 0.143164 0.0015186
0.0853619 0.13905 0.00152223
0.0855899 0.137555 0.00152049
0.0858179 0.139385 0.00152356
0.0860459 0.138462 0.00152926
0.0862739 0.138843 0.00151087
0.0865019 0.136286 0.00150707
0.0867299 0.136392 0.00150347
0.0869579 0.136645 0.00151364
0.0871859 0.136303 0.00150896
0.0874139 0.136991 0.00148491
0.0876419 0.13549 0.00148841
0.0878699 0.133771 0.00149851
0.0880979 0.133076 0.00149457
0.0883259 0.132665 0.00148109
0.0885539 0.133592 0.00148981
0.0887819 0.132992 0.00148199
0.0890099 0.131204 0.00148281
0.0892379 0.131555 0.00148463
0.0894659 0.131468 0.00146443
0.0896939 0.130722 0.00147571
0.0899219 0.126548 0.00148259
0.0901498 0.124396 0.00146649
0.0903778 0.125961 0.00146869
0.0906058 0.125811 0.00145947
0.0908338 0.125116 0.00145961
0.0910618 0.124959 0.0014543
0.0912898 0.124721 0.00144957
0.0915178 0.123378 0.00146133
0.0917458 0.121817 0.00144773
0.0919738 0.123662 0.00145801
0.0922018 0.123581 0.00143841
0.0924298 0.121434 0.00144489
0.0926578 0.11834 0.00144993
0.0928858 0.120496 0.00143231
0.0931138 0.119824 0.0014347
0.0933418 0.120873 0.00142859
0.0935698 0.118105 0.0014395
0.0937978 0.118827 0.0014374
0.0940258 0.119573 0.00141693
0.0942538 0.117214 0.00142521
0.0944818 0.113021 0.00141506
0.0947098 0.112313 0.00143223
0.0949378 0.11539 0.00141915
0.0951658 0.115005 0.00141169
0.0953938 0.114424 0.00141287
0.0956218 0.113748 0.0014051
0.0958498 0.112375 0.00141184
0.0960777 0.112369 0.00140459
0.0963057 0.113144 0.00140367
0.0965337 0.111736 0.00141071
0.0967617 0.111964 0.0013895
0.0969897 0.110886 0.00139754
0.0972177 0.108473 0.00139149
0.0974457 0.108275 0.00139477
0.0976737 0.109066 0.00140549
0.0979017 0.111011 0.00138059
0.0981297 0.111918 0.00138052
0.0983577 0.110393 0.00138224
0.0985857 0.109382 0.0013903
0.0988137 0.107718 0.00138845
0.0990417 0.110227 0.00136867
0.0992697 0.110831 0.00138512
0.0994977 0.10845 0.00137465
0.0997257 0.106994 0.00137292
0.0999537 0.10476 0.000789264
0.100182 0.104297 0.000778621
0.10041 0.10469 0.000783724
0.100638 0.105158 0.00077905
0.100866 0.103974 0.00077512
0.101094 0.103105 0.000776744
0.101322 0.101991 0.000774133
0.10155 0.102824 0.000773984
0.101778 0.102898 0.000772367
0.102006 0.101376 0.00076854
0.102234 0.100936 0.000766524
0.102462 0.101281 0.000768736
0.10269 0.0997703 0.000766689
0.102918 0.0990623 0.000769571
0.103146 0.0992776 0.000765533
0.103374 0.0979344 0.0007679
0.103602 0.0975021 0.000762781
0.10383 0.0981523 0.000755761
0.104058 0.097337 0.000764816
0.104286 0.0968591 0.000756647
0.104514 0.097183 0.000761763
0.104742 0.0956351 0.00075681
0.10497 0.0948841 0.000751219
0.105198 0.0961127 0.000756761
0.105426 0.0958949 0.000753663
0.105654 0.0954566 0.000754987
0.105882 0.0947161 0.000756556
0.10611 0.0934544 0.000750704
0.106338 0.093072 0.000749926
0.106566 0.0936446 0.000744276
0.106794 0.0938249 0.000745879
0.107022 0.0924821 0.000753106
0.10725 0.0913566 0.000747671
0.107478 0.0901584 0.00074813
0.107706 0.0903301 0.000732799
0.107934 0.0908061 0.000742427
0.108162 0.0918406 0.000743289
0.10839 0.0904994 0.00074249
0.108618 0.0894504 0.000743764
0.108846 0.08931 0.000736427
0.109074 0.0897286 0.000738627
0.109302 0.0890179 0.000735137
0.10953 0.0874141 0.00073178
0.109758 0.0878113 0.000738107
0.109986 0.087286 0.000733094
0.110214 0.0867913 0.000738097
0.110441 0.0877346 0.000725559
0.110669 0.0865063 0.000730339
0.110897 0.0863393 0.00073345
0.111125 0.0861569 0.000729897
0.111353 0.0853741 0.000732364
0.111581 0.0858897 0.00072287
0.111809 0.0855197 0.000726127
0.112037 0.0848209 0.000727083
0.112265 0.0851646 0.00072756
0.112493 0.0837276 0.00076143
0.112721 0.0839796 0.000687831
0.112949 0.0840356 0.000690661
0.113177 0.0827357 0.000687606
0.113405 0.0823806 0.000681847
0.113633 0.0820044 0.000681416
0.113861 0.0828619 0.000685386
0.114089 0.08364 0.000690789
0.114317 0.0829404 0.00068197
0.114545 0.0822777 0.000682331
0.114773 0.0815257 0.000677636
0.115001 0.081361 0.000682543
0.115229 0.0806936 0.000682447
0.115457 0.0806966 0.000677544
0.115685 0.0794687 0.000679119
0.115913 0.0787756 0.000678076
0.116141 0.0794861 0.000676499
0.116369 0.0794949 0.000672671
0.116597 0.079409 0.000669369
0.116825 0.078696 0.00067498
0.117053 0.0777054 0.00067391
0.117281 0.0777893 0.00067162
0.117509 0.0771314 0.000667739
0.117737 0.0764853 0.000668143
0.117965 0.0756106 0.000674764
0.118193 0.0755584 0.000664657
0.118421 0.0756609 0.000665051
0.118649 0.0762719 0.00066562
0.118877 0.0768426 0.00066641
0.119105 0.077202 0.000667999
0.119333 0.076489 0.000661249
0.119561 0.0761667 0.000666177
0.119789 0.0760456 0.000661317
0.120017 0.0744827 0.000664317
0.120245 0.074892 0.000655989
0.120473 0.0748761 0.000654974
0.120701 0.0740646 0.000662584
0.120929 0.0741581 0.000657703
0.121157 0.0732556 0.000655594
0.121385 0.0730716 0.000656876
0.121613 0.0728873 0.000658191
0.121841 0.0723864 0.00065697
0.122069 0.0730733 0.000649699
0.122297 0.0726793 0.000654181
0.122525 0.071656 0.000654647
0.122753 0.0710781 0.000653713
0.122981 0.0709834 0.000652653
0.123209 0.0712497 0.000645454
0.123437 0.0719983 0.000649286
0.123665 0.0720759 0.000651214
0.123893 0.0716033 0.000648853
0.124121 0.0710854 0.000644433
0.124349 0.0702539 0.000644706
0.124577 0.0700987 0.000646601
0.124805 0.0691007 0.00064723
0.125033 0.0685099 0.000641254
0.125261 0.0692553 0.000643111
0.125489 0.0697191 0.000644947
0.125717 0.0692301 0.000645057
0.125945 0.0695233 0.000635427
0.126173 0.069277 0.000639203
0.126401 0.0684174 0.000641057
0.126629 0.0678791 0.00064109
0.126857 0.0680357 0.000636867
0.127085 0.066987 0.000639169
0.127313 0.0661936 0.00063537
0.127541 0.0671393 0.000634913
0.127769 0.0673883 0.00063885
0.127997 0.0670969 0.000630011
0.128225 0.0665237 0.000635196
0.128453 0.0665581 0.000636167
0.128681 0.0654021 0.000632321
0.128909 0.0664063 0.000631133
0.129137 0.0675739 0.00062818
0.129365 0.066719 0.000635894
0.129593 0.0664259 0.000632249
0.129821 0.0652957 0.000624493
0.130049 0.0651823 0.00063167
0.130277 0.0646534 0.000623999
0.130505 0.0655887 0.000629687
0.130733 0.0662939 0.000627597
0.130961 0.0650573 0.000625403
0.131189 0.0652137 0.000630996
0.131417 0.064505 0.000623094
0.131645 0.0636033 0.000623823
0.131873 0.0622053 0.000617007
0.132101 0.0619741 0.000622639
0.132329 0.0620627 0.000625317
0.132557 0.0630391 0.000620341
0.132785 0.0625553 0.000620284
0.133013 0.0617621 0.000616877
0.133241 0.061174 0.000618221
0.133469 0.0618373 0.000620224
0.133697 0.0611547 0.000615427
0.133925 0.0603374 0.000619516
0.134153 0.0618619 0.000617061
0.134381 0.0619541 0.000618216
0.134609 0.0612301 0.000613473
0.134837 0.0609481 0.000614427
0.135065 0.0606807 0.000616574
0.135293 0.0597814 0.000611041
0.135521 0.059632 0.000615404
0.135749 0.0604773 0.000609114
0.135977 0.0611323 0.000613754
0.136205 0.0599216 0.000613797
0.136433 0.0589749 0.00060975
0.136661 0.0596121 0.000609361
0.136889 0.0595944 0.000608273
0.137117 0.0588404 0.00060923
0.137345 0.0589704 0.000608796
0.137573 0.0584197 0.000605887
0.137801 0.057514 0.000608577
0.138029 0.0577423 0.000605671
0.138257 0.0581916 0.000606823
0.138485 0.057793 0.000603721
0.138713 0.0588464 0.000604724
0.138941 0.0585266 0.00060538
0.139169 0.0573294 0.000601794
0.139397 0.0579989 0.000604439
0.139625 0.0576736 0.000601144
0.139853 0.0560714 0.000604651
0.140081 0.055818 0.000602223
0.140309 0.05659 0.000601943
0.140537 0.0565673 0.000597377
0.140765 0.0561989 0.000598789
0.140993 0.0560721 0.0006035
0.141221 0.0554693 0.000599376
0.141449 0.0561353 0.000593139
0.141677 0.0567751 0.000599354
0.141905 0.0559419 0.00059544
0.142133 0.0544929 0.000598416
0.142361 0.0540414 0.000594376
0.142589 0.0536791 0.000593356
0.142817 0.054084 0.00059393
0.143045 0.0543489 0.000595233
0.143273 0.054005 0.000595806
0.143501 0.0537764 0.00059003
0.143729 0.054015 0.00059334
0.143957 0.054336 0.000591673
0.144185 0.0540494 0.000594321
0.144413 0.0536576 0.000590526
0.144641 0.0523729 0.000586883
0.144869 0.0523364 0.000591734
0.145097 0.0519416 0.000590334
0.145325 0.0524079 0.000587143
0.145553 0.0539319 0.000587886
0.145781 0.0539356 0.000587946
0.146009 0.0536986 0.00058988
0.146237 0.0531647 0.000582596
0.146465 0.0531713 0.000587706
0.146693 0.0532883 0.000588281
0.146921 0.0526187 0.000584051
0.147149 0.0521814 0.000585467
0.147377 0.051474 0.000582047
0.147605 0.051792 0.000587417
0.147833 0.0516104 0.000585817
0.148061 0.0518989 0.000587134
0.148289 0.0519636 0.000579996
0.148517 0.0508167 0.000577184
0.148745 0.0508859 0.000583489
0.148973 0.0499344 0.000579531
0.149201 0.0490779 0.000580619
0.149429 0.0493116 0.000579656
0.149657 0.049831 0.000581526
0.149885 0.0501024 0.000576967
0.150113 0.0501713 0.000574779
0.150341 0.0501699 0.00057962
0.150569 0.0496456 0.000576731
0.150797 0.049885 0.000580723
0.151025 0.0503971 0.000577244
0.151253 0.0499177 0.000570831
0.151481 0.049999 0.000578316
0.151709 0.0501403 0.000576371
0.151937 0.0499007 0.000575011
0.152165 0.0497677 0.000572881
0.152393 0.0507684 0.000573527
0.152621 0.050859 0.00057885
0.152849 0.0510107 0.000573176
0.153077 0.0494656 0.000571489
0.153305 0.0495597 0.000572513
0.153533 0.0493786 0.000572596
0.153761 0.0488971 0.00057627
0.153989 0.0483959 0.000566177
0.154217 0.0482221 0.000568994
0.154445 0.0482799 0.00056963
0.154673 0.0478699 0.000571501
0.154901 0.0485904 0.000571576
0.155129 0.0477093 0.000565903
0.155357 0.0470637 0.000569509
0.155585 0.0469914 0.000566476
0.155813 0.0467906 0.000567066
0.156041 0.0469657 0.000565434
0.156269 0.0471086 0.000567169
0.156497 0.0472114 0.000570781
0.156725 0.0466719 0.000566187
0.156953 0.0464206 0.000561357
0.157181 0.0466453 0.00056401
0.157409 0.045215 0.00056354
0.157637 0.0461137 0.00056677
0.157865 0.0462564 0.000561146
0.158093 0.0465439 0.000564649
0.158321 0.0460074 0.000559499
0.158549 0.0452197 0.000562637
0.158777 0.0452774 0.000562629
0.159005 0.046016 0.000562813
0.159233 0.0456726 0.000561239
0.159461 0.045611 0.00056144
0.159689 0.0449649 0.000559169
0.159917 0.045577 0.000557253
0.160145 0.0450569 0.000562279
0.160373 0.0449591 0.000560666
0.160601 0.0446486 0.000558014
0.160829 0.0444819 0.000556371
0.161057 0.0442079 0.000554964
0.161285 0.0446297 0.000560403
0.161513 0.0445341 0.000556804
0.161741 0.0450256 0.000555439
0.161969 0.0442536 0.000557767
0.162197 0.0439849 0.000556584
0.162425 0.044008 0.000557656
0.162653 0.0443081 0.000551449
0.162881 0.0445751 0.00055315
0.163109 0.0449243 0.000558154
0.163337 0.0441213 0.000553134
0.163565 0.0434744 0.00055579
0.163793 0.0424117 0.00054893
0.164021 0.0422317 0.000553527
0.164249 0.041092 0.000554489
0.164477 0.0423214 0.000550317
0.164705 0.0425753 0.000553051
0.164933 0.0428644 0.00054745
0.165161 0.0433523 0.000552517
0.165389 0.043243 0.000551119
0.165617 0.0429257 0.00054689
0.165845 0.0433754 0.000552246
0.166073 0.043473 0.000549581
0.166301 0.0430987 0.000551421
0.166529 0.0426123 0.000548383
0.166757 0.0420216 0.000545719
0.166985 0.0428174 0.000550933
0.167213 0.0431744 0.00054602
0.167441 0.0421051 0.00054696
0.167669 0.040813 0.000544037
0.167897 0.0407841 0.000547503
0.168125 0.041537 0.000547659
0.168353 0.041962 0.000544299
0.16858 0.0417759 0.000544993
0.168808 0.0414989 0.000544177
0.169036 0.0413217 0.000545751
0.169264 0.0418191 0.000546524
0.169492 0.0411836 0.00054145
0.16972 0.0414157 0.000542256
0.169948 0.0411823 0.000543027
0.170176 0.0401691 0.000545916
0.170404 0.0406081 0.000540579
0.170632 0.0415689 0.000542964
0.17086 0.0412301 0.000543711
0.171088 0.0409171 0.000541054
0.171316 0.0402084 0.000540197
0.171544 0.0397857 0.00053772
0.171772 0.0401671 0.000541317
0.172 0.0404563 0.000541703
0.172228 0.0406336 0.000537946
0.172456 0.0405787 0.000537143
0.172684 0.0401687 0.000537769
0.172912 0.0404993 0.000540747
0.17314 0.0403644 0.000538519
0.173368 0.0399301 0.000539216
0.173596 0.0398066 0.00053621
0.173824 0.0391993 0.000534154
0.174052 0.039119 0.000537289
0.17428 0.0390021 0.000533774
0.174508 0.0387623 0.000539017
0.174736 0.0396121 0.000535797
0.174964 0.0387256 0.000535641
0.175192 0.038716 0.000534427
0.17542 0.0391597 0.000532289
0.175648 0.0396271 0.000538174
0.175876 0.039939 0.000534267
0.176104 0.039456 0.000534591
0.176332 0.038587 0.000534944
0.17656 0.0379171 0.000530873
0.176788 0.0382337 0.000536697
0.177016 0.0391354 0.000531444
0.177244 0.039046 0.000530514
0.177472 0.040253 0.000536717
0.1777 0.0392886 0.000531007
0.177928 0.0379574 0.000532513
0.178156 0.0366339 0.000526057
0.178384 0.0375243 0.000531953
0.178612 0.0380401 0.000533801
0.17884 0.037225 0.000529823
0.179068 0.0365173 0.00053054
0.179296 0.0363213 0.000523863
0.179524 0.037523 0.000530627
0.179752 0.0374144 0.000529021
0.17998 0.0379579 0.000527113
0.180208 0.0383276 0.000531214
0.180436 0.0375671 0.000526777
0.180664 0.0370486 0.000527971
0.180892 0.0370587 0.00052816
0.18112 0.0365679 0.000524659
0.181348 0.0361183 0.000526609
0.181576 0.03579 0.000527766
0.181804 0.0373231 0.000529039
0.182032 0.0369117 0.000522527
0.18226 0.036145 0.000522799
0.182488 0.036557 0.000526321
0.182716 0.0355213 0.000526571
0.182944 0.0354259 0.000524029
0.183172 0.0348766 0.000523639
0.1834 0.0360243 0.000524877
0.183628 0.0365016 0.000521759
0.183856 0.0348324 0.000523921
0.184084 0.0344696 0.000524041
0.184312 0.0350367 0.000523773
0.18454 0.0347257 0.000523396
0.184768 0.0353029 0.000521164
0.184996 0.0354133 0.000518877
0.185224 0.0353934 0.000520376
0.185452 0.0345353 0.000525743
0.18568 0.0340404 0.000522906
0.185908 0.0336214 0.000516866
0.186136 0.0342223 0.000520701
0.186364 0.0340331 0.000518904
0.186592 0.0334581 0.000520917
0.18682 0.033921 0.000519194
0.187048 0.0346253 0.000516311
0.187276 0.0337924 0.000520833
0.187504 0.0335381 0.000517187
0.187732 0.0333564 0.000516196
0.18796 0.0331393 0.000517373
0.188188 0.0338809 0.000519249
0.188416 0.033773 0.000520661
0.188644 0.0340787 0.000516263
0.188872 0.0350711 0.000518796
0.1891 0.0355979 0.000516697
0.189328 0.034468 0.000516083
0.189556 0.0337857 0.000520571
0.189784 0.0339286 0.000511849
0.190012 0.0336964 0.000517456
0.19024 0.0339154 0.00051646
0.190468 0.0336131 0.000517424
0.190696 0.0329056 0.000512304
0.190924 0.0326783 0.000512244
0.191152 0.0336497 0.000517174
0.19138 0.033452 0.000514671
0.191608 0.0333854 0.000515467
0.191836 0.032909 0.00051213
0.192064 0.0338764 0.000512956
0.192292 0.0339844 0.000517543
0.19252 0.0334379 0.00051236
0.192748 0.0332604 0.000512287
0.192976 0.0326193 0.000512674
0.193204 0.0327983 0.000513847
0.193432 0.0324503 0.000513737
0.19366 0.0340447 0.00050951
0.193888 0.0334489 0.000511094
0.194116 0.0328049 0.000512359
0.194344 0.0321504 0.000512279
0.194572 0.0320141 0.00050856
0.1948 0.0318967 0.000510136
0.195028 0.0330244 0.000513287
0.195256 0.0328446 0.00050956
0.195484 0.0323923 0.000509199
0.195712 0.0318179 0.000508007
0.19594 0.0324449 0.000511273
0.196168 0.0319819 0.000511676
0.196396 0.0324567 0.000507006
0.196624 0.0320323 0.000507773
0.196852 0.0326313 0.000506387
0.19708 0.0321824 0.000509887
0.197308 0.0319967 0.000511019
0.197536 0.0306284 0.000504114
0.197764 0.0314466 0.000507384
0.197992 0.0319357 0.000507454
0.19822 0.0320524 0.000508074
0.198448 0.0315146 0.000504136
0.198676 0.0307113 0.000505544
0.198904 0.0307743 0.000508923
0.199132 0.031102 0.000506021
0.19936 0.0309701 0.000505406
0.199588 0.031115 0.000503526
0.199816 0.0292864 0.000504336
0.200044 0.0296129 0.000504717
0.200272 0.0305046 0.000503336
0.2005 0.0308691 0.000506339
0.200728 0.0307753 0.00050103
0.200956 0.031339 0.00050515
0.201184 0.0311773 0.000504421
0.201412 0.0314211 0.000501804
0.20164 0.0307597 0.000506174
0.201868 0.0311296 0.000501174
0.202096 0.030407 0.000503417
0.202324 0.0307844 0.000501116
0.202552 0.0308434 0.000502421
0.20278 0.030446 0.000507071
0.203008 0.0301776 0.000500163
0.203236 0.03005 0.000501914
0.203464 0.0291464 0.000499539
0.203692 0.0283307 0.000500266
0.20392 0.028199 0.000501833
0.204148 0.0290884 0.000497459
0.204376 0.0295074 0.000501136
0.204604 0.0297254 0.000499911
0.204832 0.029226 0.000499981
0.20506 0.0285877 0.000498341
0.205288 0.029573 0.000498881
0.205516 0.0307031 0.000502331
0.205744 0.0303849 0.00049923
0.205972 0.0289889 0.00049878
0.2062 0.0300446 0.000496883
0.206428 0.0297769 0.000498
0.206656 0.029704 0.000499089
0.206884 0.0297189 0.000500197
0.207112 0.0285751 0.000496863
0.20734 0.0297073 0.00049551
0.207568 0.0295764 0.00049799
0.207796 0.0298883 0.00049686
0.208024 0.0304991 0.000497136
0.208252 0.0305583 0.000498563
0.20848 0.0297861 0.000496554
0.208708 0.029507 0.000498554
0.208936 0.0297063 0.000494184
0.209164 0.0300246 0.000495363
0.209392 0.0297573 0.00049681
0.20962 0.0289024 0.000496991
0.209848 0.0284576 0.000497379
0.210076 0.0272463 0.000491509
0.210304 0.0275713 0.00049474
0.210532 0.0281986 0.0004946
0.21076 0.028325 0.000493674
0.210988 0.0284181 0.000494463
0.211216 0.028399 0.000493616
0.211444 0.0285981 0.000495061
0.211672 0.0276537 0.000492341
0.2119 0.027148 0.000490717
0.212128 0.0275719 0.000494493
0.212356 0.027362 0.000489589
0.212584 0.0278684 0.000495991
0.212812 0.028263 0.000491373
0.21304 0.0277324 0.000489957
0.213268 0.0276419 0.000490716
0.213496 0.0273091 0.000492074
0.213724 0.0271611 0.000493054
0.213952 0.026782 0.000489489
0.21418 0.026066 0.000492137
0.214408 0.0257797 0.000490256
0.214636 0.0271341 0.000490931
0.214864 0.027781 0.000488711
0.215092 0.028737 0.000488957
0.21532 0.027794 0.000491526
0.215548 0.0277743 0.00048927
0.215776 0.0272281 0.000488306
0.216004 0.0266376 0.000489333
0.216232 0.0276227 0.000490679
0.21646 0.0273121 0.000490507
0.216688 0.027067 0.000487547
0.216916 0.0272611 0.000489104
0.217144 0.0271841 0.000487901
0.217372 0.027135 0.000489924
0.2176 0.026454 0.000489374
0.217828 0.026076 0.000483534
0.218056 0.0256796 0.00048854
0.218284 0.025983 0.000487779
0.218512 0.0255296 0.000487113
0.21874 0.0258816 0.000485044
0.218968 0.0263156 0.000485336
0.219196 0.0260077 0.00048807
0.219424 0.0261027 0.000486196
0.219652 0.0265319 0.000485743
0.21988 0.0261323 0.00048536
0.220108 0.0256667 0.000485443
0.220336 0.0249353 0.000487309
0.220564 0.0252671 0.000483061
0.220792 0.0261871 0.000485154
0.22102 0.0260293 0.000486087
0.221248 0.0255696 0.000485704
0.221476 0.0254969 0.000485457
0.221704 0.0248607 0.000480546
0.221932 0.0253144 0.000486689
0.22216 0.0260583 0.000485311
0.222388 0.0254549 0.000484289
0.222616 0.0255091 0.000482333
0.222844 0.0259474 0.000481057
0.223072 0.0251707 0.00048627
0.2233 0.0249506 0.000483106
0.223528 0.0247947 0.000481319
0.223756 0.0245531 0.00048213
0.223984 0.0245231 0.000482131
0.224212 0.0251789 0.000486541
0.22444 0.0262654 0.000479591
0.224668 0.0263314 0.000482834
0.224896 0.0250839 0.000483187
0.225124 0.0245706 0.000482936
0.225352 0.0242663 0.000484934
0.22558 0.0241091 0.000476709
0.225808 0.0246471 0.000480653
0.226036 0.0250194 0.000482887
0.226264 0.0254304 0.000482023
0.226492 0.0251403 0.00048147
0.226719 0.0244143 0.000477771
0.226947 0.0240787 0.000481659
0.227175 0.0238303 0.000479959
0.227403 0.0239664 0.000480109
0.227631 0.0244894 0.000479177
0.227859 0.025098 0.000479506
0.228087 0.0252379 0.00048299
0.228315 0.025303 0.000478283
0.228543 0.0249651 0.000479183
0.228771 0.0244773 0.00047853
0.228999 0.0248324 0.000479747
0.229227 0.024567 0.000478683
0.229455 0.024055 0.000477853
0.229683 0.024609 0.000478771
0.229911 0.0242693 0.000477166
0.230139 0.0243263 0.000479384
0.230367 0.0241051 0.000474699
0.230595 0.0244826 0.000480206
0.230823 0.0246371 0.000479063
0.231051 0.0245851 0.000477881
0.231279 0.025349 0.000476596
0.231507 0.0244464 0.000474871
0.231735 0.024505 0.000479839
0.231963 0.024427 0.00047776
0.232191 0.0236859 0.000474141
0.232419 0.0232477 0.000476856
0.232647 0.0227743 0.00047507
0.232875 0.0230203 0.000480096
0.233103 0.022942 0.000473844
0.233331 0.0239069 0.000474574
0.233559 0.0249619 0.000477489
0.233787 0.0239771 0.000474121
0.234015 0.0227797 0.000478876
0.234243 0.0224434 0.00047141
0.234471 0.0229569 0.000475009
0.234699 0.0228631 0.000480044
0.234927 0.0232403 0.00047521
0.235155 0.0235714 0.000476459
0.235383 0.0234011 0.000474939
0.235611 0.0227167 0.000477414
0.235839 0.0225931 0.000478639
0.236067 0.0230334 0.000474503
0.236295 0.0224739 0.000479894
0.236523 0.0216067 0.000476283
0.236751 0.0226611 0.000480071
0.236979 0.0227404 0.000477289
0.237207 0.022733 0.000475614
0.237435 0.0228323 0.000480449
0.237663 0.0228161 0.000477237
0.237891 0.0225481 0.000479486
0.238119 0.023364 0.000478291
0.238347 0.023675 0.000479547
0.238575 0.02303 0.000480976
0.238803 0.0221921 0.000478063
0.239031 0.0220424 0.000479169
0.239259 0.0223566 0.00047817
0.239487 0.0219771 0.000481307
0.239715 0.0223159 0.000481226
0.239943 0.0223127 0.000477594
0.240171 0.0217546 0.000481
0.240399 0.021462 0.00047754
0.240627 0.0219137 0.000480927
0.240855 0.0212476 0.000476916
0.241083 0.0213997 0.00047755
0.241311 0.0223231 0.000480743
0.241539 0.0221959 0.000478933
0.241767 0.0224233 0.000479299
0.241995 0.0221237 0.000476447
0.242223 0.0223551 0.000478956
0.242451 0.0231729 0.000478596
0.242679 0.0225681 0.000478724
0.242907 0.021352 0.000477231
0.243135 0.02141 0.000475264
0.243363 0.0215429 0.000479667
0.243591 0.0221617 0.00047895
0.243819 0.021684 0.000475681
0.244047 0.020657 0.000478277
0.244275 0.0210071 0.000475554
0.244503 0.0217764 0.000476874
0.244731 0.022064 0.000474239
0.244959 0.0212511 0.000475571
0.245187 0.021009 0.000478459
0.245415 0.0212353 0.000475427
0.245643 0.0216197 0.00047717
0.245871 0.0214157 0.000472849
0.246099 0.0218466 0.000477559
0.246327 0.0216549 0.000476361
0.246555 0.0211377 0.000476057
0.246783 0.020366 0.000474414
0.247011 0.0210429 0.000471804
0.247239 0.0217774 0.000476009
0.247467 0.0212066 0.000475223
0.247695 0.0211493 0.000473907
0.247923 0.0217013 0.000476087
0.248151 0.0213951 0.000470801
0.248379 0.0215444 0.0004757
0.248607 0.0217764 0.000471554
0.248835 0.0214597 0.000473156
0.249063 0.0211534 0.000476906
0.249291 0.0210749 0.000473669
0.249519 0.0204679 0.000473119
0.249747 0.020167 0.000469517
0.249975 0.0209804 0.000473126
0.250203 0.0214499 0.000475031
0.250431 0.021254 0.000473933
0.250659 0.020694 0.000470411
0.250887 0.0210317 0.000470656
0.251115 0.020466 0.000473534
0.251343 0.0204876 0.000473534
0.251571 0.0204107 0.000470959
0.251799 0.0199913 0.000469927
0.252027 0.0206796 0.000472474
0.252255 0.0202474 0.00047181
0.252483 0.0202447 0.000468099
0.252711 0.0206889 0.00047145
0.252939 0.0200471 0.000470113
0.253167 0.0193961 0.000473104
0.253395 0.0200991 0.000471459
0.253623 0.020513 0.000469646
0.253851 0.0199791 0.00047013
0.254079 0.0199467 0.00046779
0.254307 0.0201843 0.00047115
0.254535 0.020544 0.000468073
0.254763 0.0202501 0.00046977
0.254991 0.0205447 0.000471971
0.255219 0.0207816 0.000467131
0.255447 0.0202529 0.000468504
0.255675 0.0202799 0.00046714
0.255903 0.0197644 0.000467911
0.256131 0.0194169 0.000470927
0.256359 0.0198681 0.000463853
0.256587 0.0198246 0.000467564
0.256815 0.0195384 0.000465791
0.257043 0.019977 0.000466974
0.257271 0.019815 0.000468947
0.257499 0.019442 0.000462416
0.257727 0.0192079 0.000468134
0.257955 0.0193197 0.000461844
0.258183 0.0190663 0.000463329
0.258411 0.0190381 0.000463169
0.258639 0.0187803 0.000461553
0.258867 0.0187724 0.000464376
0.259095 0.0199154 0.000458617
0.259323 0.0198211 0.000458876
0.259551 0.0200353 0.000459713
0.259779 0.0191611 0.000459904
0.260007 0.0182019 0.00046147
0.260235 0.0185233 0.000456527
0.260463 0.018677 0.00046097
0.260691 0.0189573 0.000459753
0.260919 0.019168 0.000459474
0.261147 0.0192249 0.000457927
0.261375 0.0198111 0.000457406
0.261603 0.0203904 0.00046009
0.261831 0.0195544 0.000459206
0.262059 0.0190257 0.000458694
0.262287 0.0185104 0.000457494
0.262515 0.0183401 0.000458227
0.262743 0.0181677 0.000459244
0.262971 0.0184433 0.000457431
0.263199 0.0188189 0.000457356
0.263427 0.0185499 0.000456841
0.263655 0.0191991 0.000458337
0.263883 0.0184191 0.000458866
0.264111 0.0186991 0.000455963
0.264339 0.0190783 0.000458274
0.264567 0.0193841 0.000457626
0.264795 0.0186306 0.000457599
0.265023 0.0193403 0.000456757
0.265251 0.0194453 0.000456501
0.265479 0.0196471 0.000457766
0.265707 0.0191356 0.000456881
0.265935 0.018896 0.0004571
0.266163 0.0186466 0.000455377
0.266391 0.0181896 0.000456857
0.266619 0.0177297 0.000457474
0.266847 0.0183301 0.000455916
0.267075 0.0184081 0.000454874
0.267303 0.0193853 0.00045489
0.267531 0.0195281 0.00045791
0.267759 0.0188896 0.000455511
0.267987 0.0192281 0.000454701
0.268215 0.0190707 0.000456416
0.268443 0.0190859 0.000454459
0.268671 0.0186404 0.000456323
0.268899 0.0184136 0.000454431
0.269127 0.0182724 0.000455581
0.269355 0.0189887 0.000456557
0.269583 0.0193517 0.000453876
0.269811 0.0186937 0.000455857
0.270039 0.0175423 0.000451927
0.270267 0.018016 0.000454654
0.270495 0.0186277 0.000454993
0.270723 0.0178376 0.000453031
0.270951 0.0176431 0.000453899
0.271179 0.018367 0.00045321
0.271407 0.0184477 0.000455593
0.271635 0.0184793 0.000454713
0.271863 0.0185281 0.00045417
0.272091 0.0184763 0.000455113
0.272319 0.0177686 0.000451186
0.272547 0.0173536 0.000453551
0.272775 0.0168224 0.000452539
0.273003 0.0172919 0.000454617
0.273231 0.0173959 0.00045563
0.273459 0.0176591 0.000450823
0.273687 0.0178471 0.000452753
0.273915 0.0184319 0.000451984
0.274143 0.0177814 0.00045316
0.274371 0.0171494 0.000453601
0.274599 0.0170507 0.000452613
0.274827 0.0173171 0.000452024
0.275055 0.0174677 0.000451367
0.275283 0.0175009 0.000453081
0.275511 0.018645 0.000452609
0.275739 0.0185687 0.000452434
0.275967 0.0185987 0.000453071
0.276195 0.0185281 0.00045155
0.276423 0.0186487 0.000453251
0.276651 0.0182733 0.00045023
0.276879 0.0181867 0.000453457
0.277107 0.0181407 0.000452539
0.277335 0.0179007 0.000452419
0.277563 0.0176801 0.000452347
0.277791 0.0175577 0.00044899
0.278019 0.0167677 0.00045176
0.278247 0.0170173 0.000450084
0.278475 0.0177 0.000453001
0.278703 0.0171837 0.0004528
0.278931 0.0171843 0.000449921
0.279159 0.0176319 0.000452624
0.279387 0.0176013 0.00044974
0.279615 0.0171291 0.000449557
0.279843 0.0173426 0.000453464
0.280071 0.0179234 0.000449254
0.280299 0.0183119 0.000453866
0.280527 0.0180734 0.000447986
0.280755 0.0181084 0.000448893
0.280983 0.0176553 0.00045164
0.281211 0.0174201 0.000450167
0.281439 0.0171421 0.000453177
0.281667 0.0168117 0.000447204
0.281895 0.0170893 0.00044836
0.282123 0.017436 0.000449733
0.282351 0.0175496 0.000450127
0.282579 0.0170743 0.000452926
0.282807 0.017023 0.000447576
0.283035 0.0174609 0.000450274
0.283263 0.0180777 0.000448319
0.283491 0.0179133 0.000448557
0.283719 0.0178196 0.000450917
0.283947 0.017618 0.000448656
0.284175 0.0169666 0.000449516
0.284403 0.016888 0.000448694
0.28463 0.0184083 0.000447711
0.284858 0.0175819 0.000449641
0.285086 0.017318 0.000449494
0.285314 0.0170409 0.000448807
0.285542 0.016872 0.00044763
0.28577 0.0163011 0.000448906
0.285998 0.0167383 0.000448394
0.286226 0.017057 0.000448263
0.286454 0.0166916 0.00044702
0.286682 0.0177979 0.000449219
0.28691 0.0173557 0.000449181
0.287138 0.0169231 0.000447306
0.287366 0.0167441 0.000448376
0.287594 0.0173681 0.000446903
0.287822 0.0165251 0.00044965
0.28805 0.0162426 0.000449206
0.288278 0.0157063 0.000445686
0.288506 0.0157719 0.000447356
0.288734 0.0158296 0.000446201
0.288962 0.0162789 0.000448454
0.28919 0.0169293 0.000445989
0.289418 0.0172633 0.000446076
0.289646 0.016951 0.000448257
0.289874 0.0166017 0.000446611
0.290102 0.016317 0.000447566
0.29033 0.0162433 0.000444984
0.290558 0.0163606 0.000446669
0.290786 0.0163383 0.000448371
0.291014 0.0170133 0.000446241
0.291242 0.0166461 0.00044625
0.29147 0.0156766 0.000445357
0.291698 0.0158541 0.000446739
0.291926 0.0167819 0.000447616
0.292154 0.0164867 0.000443926
0.292382 0.016006 0.000447464
0.29261 0.0156363 0.000444161
0.292838 0.0152834 0.00044676
0.293066 0.0159287 0.000445704
0.293294 0.0164707 0.000443601
0.293522 0.0165421 0.000448354
0.29375 0.0165674 0.000443877
0.293978 0.0154699 0.000445971
0.294206 0.016196 0.000444941
0.294434 0.0161479 0.00044591
0.294662 0.0160427 0.000447791
0.29489 0.0164367 0.000443586
0.295118 0.0163513 0.000445827
0.295346 0.0165309 0.000444636
0.295574 0.0163361 0.000446413
0.295802 0.0156371 0.000448156
0.29603 0.015676 0.000442019
0.296258 0.0163621 0.000446133
0.296486 0.0160609 0.000444034
0.296714 0.0152957 0.000445083
0.296942 0.0151964 0.00044513
0.29717 0.0158844 0.000444656
0.297398 0.0167186 0.000445933
0.297626 0.0164873 0.000444471
0.297854 0.01593 0.000443037
0.298082 0.0160626 0.000443861
0.29831 0.0150829 0.00044494
0.298538 0.0155113 0.000446826
0.298766 0.0161049 0.000443091
0.298994 0.0157126 0.000443579
0.299222 0.015336 0.000443824
0.29945 0.0157911 0.000445477
0.299678 0.0162874 0.000445261
0.299906 0.0163617 0.000442254
0.300134 0.01598 0.000443686
0.300362 0.0157393 0.000442073
0.30059 0.0159661 0.000444843
0.300818 0.0158857 0.000442993
0.301046 0.014994 0.00044356
0.301274 0.0153571 0.000445666
0.301502 0.0155874 0.000442564
0.30173 0.0152813 0.000443207
0.301958 0.0151823 0.000441967
0.302186 0.0151061 0.00044371
0.302414 0.0154969 0.000444659
0.302642 0.015799 0.000441206
0.30287 0.0151789 0.00044424
0.303098 0.0159543 0.000441719
0.303326 0.0161784 0.000444049
0.303554 0.0159 0.000444687
0.303782 0.0156756 0.000440461
0.30401 0.0148856 0.000444121
0.304238 0.0145653 0.00044231
0.304466 0.014993 0.000443183
0.304694 0.0149237 0.000440706
0.304922 0.0149983 0.000441393
0.30515 0.0154246 0.000445197
0.305378 0.0161157 0.000442523
0.305606 0.0156826 0.000441716
0.305834 0.0154236 0.000440489
0.306062 0.0153194 0.000441774
0.30629 0.0148241 0.000443481
0.306518 0.015315 0.000441976
0.306746 0.0157766 0.00044361
0.306974 0.0151707 0.000442174
0.307202 0.0155426 0.000441357
0.30743 0.015898 0.00043997
0.307658 0.0160997 0.000441813
0.307886 0.0156446 0.000443787
0.308114 0.015245 0.000442359
0.308342 0.0145773 0.000443186
0.30857 0.0142424 0.000439656
0.308798 0.0146219 0.000441419
0.309026 0.0149453 0.000443211
0.309254 0.0147561 0.000441686
0.309482 0.0147731 0.000441696
0.30971 0.0142732 0.000439519
0.309938 0.0140793 0.000441996
0.310166 0.01403 0.00044139
0.310394 0.0145983 0.000441847
0.310622 0.0147783 0.000442131
0.31085 0.0150977 0.000439029
0.311078 0.0147731 0.000442227
0.311306 0.0151363 0.0004412
0.311534 0.0145059 0.000441917
0.311762 0.0149071 0.000442031
0.31199 0.015103 0.00043916
0.312218 0.0148514 0.000442877
0.312446 0.0145331 0.000441106
0.312674 0.0152271 0.000442673
0.312902 0.0148659 0.00044045
0.31313 0.0139986 0.000440166
0.313358 0.0141498 0.00044194
0.313586 0.01518 0.000441091
0.313814 0.0154349 0.00044284
0.314042 0.015073 0.000439893
0.31427 0.0148627 0.000439256
0.314498 0.0142664 0.000441543
0.314726 0.0142303 0.000439226
0.314954 0.0149183 0.00044263
0.315182 0.0152784 0.000440583
0.31541 0.0148173 0.000440294
0.315638 0.0145077 0.000441113
0.315866 0.014058 0.000440753
0.316094 0.0138698 0.000442676
0.316322 0.0144834 0.000437304
0.31655 0.0142586 0.000441086
0.316778 0.0142819 0.000441199
0.317006 0.014294 0.000440379
0.317234 0.0142156 0.000440927
0.317462 0.0146126 0.000438773
0.31769 0.0147361 0.000440844
0.317918 0.0147321 0.000440886
0.318146 0.0139448 0.000439996
0.318374 0.0130543 0.000441479
0.318602 0.0138838 0.00043811
0.31883 0.014344 0.000440456
0.319058 0.013966 0.000438647
0.319286 0.0136819 0.000439013
0.319514 0.0139799 0.000440099
0.319742 0.0147419 0.000441097
0.31997 0.0152094 0.000442843
0.320198 0.0153947 0.000437771
0.320426 0.0147166 0.000439794
0.320654 0.0136884 0.000440509
0.320882 0.0138194 0.000440941
0.32111 0.0142672 0.000441164
0.321338 0.0139473 0.000436293
0.321566 0.0140213 0.000440391
0.321794 0.0137128 0.00043946
0.322022 0.0136399 0.000440197
0.32225 0.0145317 0.00043997
0.322478 0.0147156 0.000439856
0.322706 0.0144367 0.000439444
0.322934 0.0143311 0.000437749
0.323162 0.0137238 0.000441261
0.32339 0.0137596 0.0004393
0.323618 0.0133235 0.000440687
0.323846 0.0126914 0.000439504
0.324074 0.0128225 0.000436463
0.324302 0.0138299 0.000440176
0.32453 0.0136316 0.000439566
0.324758 0.0137187 0.00044108
0.324986 0.0137615 0.000438827
0.325214 0.0133892 0.000437474
0.325442 0.0133779 0.000441114
0.32567 0.0132319 0.000437916
0.325898 0.0127181 0.000438956
0.326126 0.0136019 0.000438323
0.326354 0.0138708 0.000439314
0.326582 0.0137279 0.000442647
0.32681 0.0140626 0.000436837
0.327038 0.0137399 0.000439493
0.327266 0.0133496 0.000439664
0.327494 0.0133437 0.000438794
0.327722 0.0130363 0.000441159
0.32795 0.0126178 0.000435134
0.328178 0.0131095 0.000440207
0.328406 0.013499 0.000438149
0.328634 0.014018 0.000439001
0.328862 0.0136918 0.000439243
0.32909 0.0139724 0.000439223
0.329318 0.0139093 0.000440907
0.329546 0.0135678 0.000438173
0.329774 0.0133502 0.000437283
0.330002 0.0133178 0.000438919
0.33023 0.0130936 0.000438897
0.330458 0.0132353 0.000441354
0.330686 0.0129504 0.000437094
0.330914 0.013427 0.000438844
0.331142 0.0137676 0.000437921
0.33137 0.0138549 0.000440119
0.331598 0.0131506 0.000438639
0.331826 0.0132326 0.000437919
0.332054 0.0136228 0.000440343
0.332282 0.0134231 0.000439283
0.33251 0.0132399 0.000438817
0.332738 0.0134396 0.00043681
0.332966 0.0140294 0.000439463
0.333194 0.014439 0.000441144
0.333422 0.0143721 0.000437584
0.33365 0.0140768 0.000438283
0.333878 0.0138912 0.000437281
0.334106 0.0137259 0.000439881
0.334334 0.0132218 0.000440663
0.334562 0.0129643 0.00043601
0.33479 0.0134461 0.000438691
0.335018 0.0135074 0.000438773
0.335246 0.0130336 0.000439697
0.335474 0.0136428 0.000439326
0.335702 0.0134763 0.000437401
0.33593 0.0135457 0.000439046
0.336158 0.0131812 0.000437973
0.336386 0.0128688 0.000440479
0.336614 0.012487 0.00043685
0.336842 0.0128283 0.000436199
0.33707 0.0128248 0.000439716
0.337298 0.0123023 0.000437164
0.337526 0.0121512 0.000438166
0.337754 0.0127542 0.000437506
0.337982 0.0127631 0.00043941
0.33821 0.0126012 0.000438966
0.338438 0.0129941 0.000437564
0.338666 0.0132683 0.000439329
0.338894 0.0134351 0.000437083
0.339122 0.013396 0.00044041
0.33935 0.0132094 0.000437523
0.339578 0.0128964 0.000437583
0.339806 0.0128962 0.00044037
0.340034 0.0123357 0.000436827
0.340262 0.0122612 0.00044038
0.34049 0.0126184 0.000436439
0.340718 0.0127513 0.000438929
0.340946 0.0129439 0.00043976
0.341174 0.0128878 0.000436791
0.341402 0.0129813 0.000438823
0.34163 0.0132484 0.000437181
0.341858 0.0132003 0.00043982
0.342086 0.0128674 0.000440331
0.342314 0.012322 0.000436404
0.342542 0.0120963 0.000441053
0.342769 0.0121555 0.00043744
0.342997 0.0129726 0.000439551
0.343225 0.0130559 0.000437617
0.343453 0.0127301 0.000437783
0.343681 0.0129848 0.000441059
0.343909 0.0127746 0.000437991
0.344137 0.0122406 0.000437976
0.344365 0.013041 0.000437217
0.344593 0.0134488 0.000439963
0.344821 0.0131071 0.000439276
0.345049 0.0123923 0.00043844
0.345277 0.0125044 0.000437706
0.345505 0.0134408 0.000437727
0.345733 0.0129422 0.000440314
0.345961 0.012585 0.00043886
0.346189 0.0122638 0.000439467
0.346417 0.0126763 0.000439126
0.346645 0.0128768 0.000436904
0.346873 0.0129102 0.000439667
0.347101 0.0129481 0.000437796
0.347329 0.0124463 0.000437761
0.347557 0.0120805 0.000439446
0.347785 0.0124656 0.000437743
0.348013 0.0127903 0.000438343
0.348241 0.0131898 0.000436596
0.348469 0.0128815 0.000440084
0.348697 0.0125552 0.000439507
0.348925 0.0135529 0.00044067
0.349153 0.0133899 0.000439574
0.349381 0.0128217 0.00043606
0.349609 0.0127145 0.000440629
0.349837 0.0122681 0.000438284
0.350065 0.0121674 0.000438099
0.350293 0.0124527 0.000440827
0.350521 0.0126986 0.000436023
0.350749 0.012479 0.000439321
0.350977 0.0122368 0.00043669
0.351205 0.0121273 0.000438964
0.351433 0.012829 0.000439659
0.351661 0.0124877 0.000438853
0.351889 0.0125449 0.000439909
0.352117 0.0125664 0.000435784
0.352345 0.0117323 0.000439597
0.352573 0.0117845 0.000438946
0.352801 0.0118526 0.000440027
0.353029 0.0118264 0.000439791
0.353257 0.0122855 0.000437669
0.353485 0.0118489 0.000439241
0.353713 0.0122047 0.000438184
0.353941 0.0119539 0.000438399
0.354169 0.0118623 0.000439323
0.354397 0.0118442 0.000438511
0.354625 0.0128527 0.000440477
0.354853 0.0128052 0.00043729
0.355081 0.0126096 0.000439103
0.355309 0.0118039 0.000438456
0.355537 0.0117556 0.000439511
0.355765 0.0118534 0.000439716
0.355993 0.0118176 0.000438004
0.356221 0.0116254 0.000440327
0.356449 0.0116873 0.000437246
0.356677 0.0116655 0.000440236
0.356905 0.0116174 0.000439811
0.357133 0.0120289 0.00043851
0.357361 0.012444 0.000441421
0.357589 0.0118452 0.00043861
0.357817 0.0111864 0.00043736
0.358045 0.0114506 0.000438369
0.358273 0.0116441 0.000440427
0.358501 0.0121978 0.000442057
0.358729 0.0120656 0.000436739
0.358957 0.0119248 0.000440146
0.359185 0.0117251 0.00043935
0.359413 0.0118092 0.000440091
0.359641 0.0117701 0.00044075
0.359869 0.0117737 0.00043743
0.360097 0.0109942 0.000440174
0.360325 0.0111587 0.000438791
0.360553 0.0111906 0.000439631
0.360781 0.0114721 0.000439059
0.361009 0.0118202 0.000438996
0.361237 0.0122584 0.000441949
0.361465 0.0119041 0.00043933
0.361693 0.0113602 0.000440203
0.361921 0.0119117 0.000439466
0.362149 0.0119891 0.000441207
0.362377 0.0121911 0.000443263
0.362605 0.0117212 0.000437404
0.362833 0.0121355 0.000441173
0.363061 0.0121125 0.000439509
0.363289 0.0124732 0.000441337
0.363517 0.0121215 0.000440246
0.363745 0.0114626 0.000437826
0.363973 0.0109336 0.000442047
0.364201 0.0112705 0.000439426
0.364429 0.0112188 0.000441753
0.364657 0.0114761 0.000439514
0.364885 0.0115699 0.000439289
0.365113 0.0117471 0.000442834
0.365341 0.0119946 0.000438504
0.365569 0.011516 0.000441101
0.365797 0.0105862 0.000440249
0.366025 0.0109161 0.000440619
0.366253 0.0114171 0.000442583
0.366481 0.0117105 0.00043798
0.366709 0.0115837 0.000441024
0.366937 0.0107056 0.000438951
0.367165 0.0110166 0.000441083
0.367393 0.0116438 0.000440961
0.367621 0.011632 0.000439879
0.367849 0.0116388 0.000442081
0.368077 0.01077 0.00043964
0.368305 0.00999406 0.000440261
0.368533 0.0107112 0.000439344
0.368761 0.0114543 0.00044149
0.368989 0.0112053 0.000441227
0.369217 0.0118256 0.000439669
0.369445 0.0117614 0.00043991
0.369673 0.0112106 0.000440173
0.369901 0.0102545 0.000442536
0.370129 0.0104671 0.000441704
0.370357 0.0107233 0.000439794
0.370585 0.0114481 0.000441716
0.370813 0.0116236 0.000440021
0.371041 0.011806 0.0004429
0.371269 0.0118009 0.000440779
0.371497 0.0116542 0.000441034
0.371725 0.0109434 0.000442314
0.371953 0.0110581 0.000439833
0.372181 0.0113902 0.000441964
0.372409 0.0109985 0.00044089
0.372637 0.0108855 0.000441586
0.372865 0.0115415 0.000443591
0.373093 0.0116252 0.000442134
0.373321 0.0117192 0.0004402
0.373549 0.0118821 0.000441789
0.373777 0.012178 0.000443576
0.374005 0.0119303 0.00044356
0.374233 0.0114155 0.000440469
0.374461 0.0108566 0.000441999
0.374689 0.0103688 0.000442226
0.374917 0.0103604 0.000441037
0.375145 0.0100568 0.000442274
0.375373 0.0103406 0.000441507
0.375601 0.0114865 0.000444343
0.375829 0.0116896 0.000443059
0.376057 0.0114609 0.000441634
0.376285 0.0115508 0.000442443
0.376513 0.0115611 0.000441937
0.376741 0.0109728 0.000442601
0.376969 0.0105479 0.0004446
0.377197 0.00982684 0.00044144
0.377425 0.0100758 0.000441746
0.377653 0.0106528 0.00044296
0.377881 0.0105511 0.000442709
0.378109 0.0110763 0.000442539
0.378337 0.0113728 0.000442584
0.378565 0.0111639 0.000444671
0.378793 0.0110183 0.000443194
0.379021 0.0106204 0.000442111
0.379249 0.0115295 0.000444666
0.379477 0.0114747 0.00044378
0.379705 0.0112935 0.000444967
0.379933 0.0112681 0.00044226
0.380161 0.0113093 0.000442844
0.380389 0.0115589 0.000444764
0.380617 0.0116609 0.000444226
0.380845 0.0110992 0.000444824
0.381073 0.0108066 0.00044424
0.381301 0.0104692 0.000444114
0.381529 0.0109858 0.000445536
0.381757 0.0111841 0.000443194
0.381985 0.0113454 0.000443847
0.382213 0.0109505 0.00044447
0.382441 0.0114429 0.000444971
0.382669 0.0113368 0.000445961
0.382897 0.0114892 0.000443971
0.383125 0.0113781 0.000444116
0.383353 0.0115279 0.000444936
0.383581 0.0109072 0.000443909
0.383809 0.0107893 0.00044443
0.384037 0.0108024 0.000444837
0.384265 0.0111311 0.000445521
0.384493 0.0109871 0.00044583
0.384721 0.0115417 0.000444713
0.384949 0.0104555 0.000445834
0.385177 0.00975409 0.000444844
0.385405 0.00982711 0.00044632
0.385633 0.0101659 0.000446363
0.385861 0.0100999 0.000443034
0.386089 0.0101441 0.000446804
0.386317 0.010639 0.000445941
0.386545 0.0100166 0.000446726
0.386773 0.0105535 0.000445749
0.387001 0.010979 0.000446236
0.387229 0.0110707 0.000446681
0.387457 0.0112945 0.00044642
0.387685 0.0111382 0.000446246
0.387913 0.0110874 0.000446686
0.388141 0.0111062 0.000446906
0.388369 0.0102191 0.000447784
0.388597 0.0101507 0.000445517
0.388825 0.0102001 0.000445006
0.389053 0.0102415 0.000446816
0.389281 0.0101797 0.00044845
0.389509 0.00995537 0.000449643
0.389737 0.0104773 0.000445141
0.389965 0.0105428 0.000447189
0.390193 0.0105195 0.000448009
0.390421 0.0100411 0.000447874
0.390649 0.0101483 0.000448646
0.390877 0.00969724 0.000446084
0.391105 0.0103663 0.00044829
0.391333 0.00993421 0.000448691
0.391561 0.0104808 0.000446853
0.391789 0.0112123 0.00044954
0.392017 0.0105051 0.000449154
0.392245 0.0103922 0.000448839
0.392473 0.0100789 0.00044929
0.392701 0.00967529 0.000446639
0.392929 0.0101848 0.00044955
0.393157 0.0101298 0.000449464
0.393385 0.0103648 0.00044932
0.393613 0.0105371 0.000447993
0.393841 0.0106338 0.000449071
0.394069 0.0108051 0.000451417
0.394297 0.0102334 0.000449414
0.394525 0.0100606 0.000447904
0.394753 0.0103135 0.000449519
0.394981 0.0106345 0.00045
0.395209 0.0105666 0.000450527
0.395437 0.00979151 0.000449554
0.395665 0.00965386 0.000449669
0.395893 0.0100253 0.000452054
0.396121 0.00987421 0.000450579
0.396349 0.0101516 0.000449943
0.396577 0.0105869 0.000450986
0.396805 0.0101927 0.000450531
0.397033 0.0101266 0.00045163
0.397261 0.0103191 0.000449957
0.397489 0.0100213 0.000450671
0.397717 0.00995581 0.00045197
0.397945 0.010585 0.000452594
0.398173 0.0103488 0.00045242
0.398401 0.00965007 0.000449601
0.398629 0.00918334 0.000451326
0.398857 0.0102861 0.000452411
0.399085 0.0103175 0.000451446
0.399313 0.0110197 0.000451749
0.399541 0.0105685 0.000452276
0.399769 0.0100441 0.000453827
0.399997 0.0102574 0.000452676
0.400225 0.00978609 0.00045057
0.400453 0.0103356 0.000451959
0.400681 0.0104976 0.000454319
0.400908 0.0103524 0.000453337
0.401136 0.0100857 0.000453819
0.401364 0.0103659 0.00045273
0.401592 0.0104954 0.000453967
0.40182 0.010067 0.000453411
0.402048 0.00970466 0.000453577
0.402276 0.010656 0.000452547
0.402504 0.0101123 0.000453599
0.402732 0.0101022 0.000455197
0.40296 0.00961481 0.000454159
0.403188 0.0098968 0.000453714
0.403416 0.0102997 0.00045499
0.403644 0.0099992 0.000454846
0.403872 0.0091837 0.000455261
0.4041 0.00921886 0.000454207
0.404328 0.00991009 0.000454526
0.404556 0.00991163 0.000455304
0.404784 0.0104142 0.000455951
0.405012 0.0109674 0.000456774
0.40524 0.0105509 0.000455404
0.405468 0.0106917 0.000456264
0.405696 0.0107148 0.00045589
0.405924 0.00987411 0.000455594
0.406152 0.00972924 0.000454449
0.40638 0.00976087 0.000457579
0.406608 0.0102929 0.000457639
0.406836 0.00980896 0.00045746
0.407064 0.0105664 0.000456
0.407292 0.0105107 0.000456657
0.40752 0.0113395 0.000457027
0.407748 0.0113067 0.000457969
0.407976 0.0112605 0.000458231
0.408204 0.0111009 0.000458391
0.408432 0.0103383 0.000457061
0.40866 0.0098489 0.000458154
0.408888 0.0100143 0.000458884
0.409116 0.0104981 0.000457574
0.409344 0.0098771 0.000458206
0.409572 0.00970311 0.000459663
0.4098 0.00919419 0.000457689
0.410028 0.00969543 0.000457579
0.410256 0.0101653 0.00045934
0.410484 0.0103656 0.000460374
0.410712 0.0103941 0.000460137
0.41094 0.00935479 0.000458857
0.411168 0.00890959 0.000458244
0.411396 0.00917386 0.000460201
0.411624 0.0102593 0.000460076
0.411852 0.0105622 0.000460873
0.41208 0.0105295 0.000461187
0.412308 0.010677 0.000460807
0.412536 0.0110716 0.000461434
0.412764 0.0102586 0.000458981
0.412992 0.0108177 0.000459576
0.41322 0.0107267 0.000461224
0.413448 0.0100661 0.000462344
0.413676 0.0100318 0.000462326
0.413904 0.0103867 0.000461389
0.414132 0.0103079 0.000462606
0.41436 0.0103297 0.000464433
0.414588 0.0104029 0.000463413
0.414816 0.0094271 0.000461429
0.415044 0.00917196 0.000463347
0.415272 0.00938309 0.000462856
0.4155 0.00963696 0.000462923
0.415728 0.00976214 0.000460784
0.415956 0.00954784 0.000463711
0.416184 0.0108257 0.000465294
0.416412 0.0108325 0.000465066
0.41664 0.0101344 0.000463626
0.416868 0.00964419 0.000462166
0.417096 0.0090879 0.000464694
0.417324 0.0086651 0.000465207
0.417552 0.00882344 0.000463717
0.41778 0.00916761 0.00046451
0.418008 0.00963353 0.000464841
0.418236 0.00913336 0.000464076
0.418464 0.00989364 0.000466096
0.418692 0.00937304 0.000464357
0.41892 0.00947979 0.000465233
0.419148 0.0100678 0.000466566
0.419376 0.00958906 0.000466383
0.419604 0.00934891 0.000464294
0.419832 0.00980344 0.000465517
0.42006 0.0101487 0.000467131
0.420288 0.00935633 0.000467726
0.420516 0.0094872 0.000466109
0.420744 0.00969743 0.000468167
0.420972 0.0101859 0.000466809
0.4212 0.0092476 0.000468593
0.421428 0.00832239 0.000466551
0.421656 0.00932036 0.000468577
0.421884 0.0090371 0.000470471
0.422112 0.00910977 0.000468623
0.42234 0.00919011 0.00046735
0.422568 0.00897646 0.000467006
0.422796 0.00884993 0.000468306
0.423024 0.00879779 0.000470623
0.423252 0.0087008 0.000469446
0.42348 0.00901786 0.000469624
0.423708 0.00905907 0.000469704
0.423936 0.0096864 0.000469611
0.424164 0.00996179 0.00047052
0.424392 0.00986264 0.000469719
0.42462 0.00956366 0.00046995
0.424848 0.0089348 0.000471886
0.425076 0.00928403 0.000472193
0.425304 0.00955173 0.000470303
0.425532 0.00987221 0.000472187
0.42576 0.0103984 0.000473073
0.425988 0.00995266 0.00047341
0.426216 0.0091217 0.000472346
0.426444 0.00808306 0.000471264
0.426672 0.00823716 0.000472244
0.4269 0.00792136 0.000472756
0.427128 0.00840056 0.000474334
0.427356 0.00892937 0.000472221
0.427584 0.00978003 0.000474069
0.427812 0.0101478 0.000475023
0.42804 0.0100161 0.000474316
0.428268 0.00912306 0.000472759
0.428496 0.00825704 0.00047452
0.428724 0.00821356 0.000475717
0.428952 0.00899879 0.000476343
0.42918 0.0100368 0.000474893
0.429408 0.0102803 0.000474207
0.429636 0.00971993 0.000476379
0.429864 0.0089245 0.000476966
0.430092 0.00873514 0.000477877
0.43032 0.00852121 0.000475609
0.430548 0.00880157 0.000477777
0.430776 0.0090767 0.00047809
0.431004 0.00982396 0.000478394
0.431232 0.00962657 0.000477067
0.43146 0.00970909 0.000477247
0.431688 0.00944481 0.00047913
0.431916 0.00946984 0.000479777
0.432144 0.00959927 0.000478169
0.432372 0.00939654 0.000478687
0.4326 0.00943243 0.000479341
0.432828 0.0100493 0.000480533
0.433056 0.0104648 0.000480154
0.433284 0.00988487 0.000480629
0.433512 0.00901153 0.000480341
0.43374 0.0093049 0.000481161
0.433968 0.00897971 0.000480141
0.434196 0.00888826 0.00048071
0.434424 0.00898261 0.000481809
0.434652 0.00994777 0.000482923
0.43488 0.00992301 0.000483696
0.435108 0.00986924 0.000480003
0.435336 0.00897963 0.000482157
0.435564 0.0092579 0.00048375
0.435792 0.0101607 0.000485487
0.43602 0.00997643 0.00048363
0.436248 0.0100683 0.000484387
0.436476 0.00941977 0.000485697
0.436704 0.00939546 0.000485131
0.436932 0.00916824 0.000484176
0.43716 0.00928249 0.000485236
0.437388 0.00947011 0.000485933
0.437616 0.0096084 0.000486651
0.437844 0.00890217 0.000485141
0.438072 0.0084951 0.000486103
0.4383 0.00924146 0.000487219
0.438528 0.0086961 0.000487887
0.438756 0.0079097 0.000487677
0.438984 0.00857617 0.000487044
0.439212 0.00939167 0.000487603
0.43944 0.0102282 0.000489293
0.439668 0.0109358 0.000489499
0.439896 0.010481 0.000489266
0.440124 0.0101538 0.000490129
0.440352 0.00951657 0.000489287
0.44058 0.00972047 0.000491653
0.440808 0.00939637 0.00048735
0.441036 0.00940694 0.000489631
0.441264 0.00978763 0.00049102
0.441492 0.00923396 0.000492456
0.44172 0.00903386 0.00049109
0.441948 0.00816403 0.000491436
0.442176 0.00817144 0.000492326
0.442404 0.00903484 0.000493703
0.442632 0.00927119 0.000494709
0.44286 0.0085374 0.000491631
0.443088 0.0085242 0.000493346
0.443316 0.00875919 0.000494254
0.443544 0.0089301 0.000493849
0.443772 0.00841827 0.000492636
0.444 0.00844747 0.000495089
0.444228 0.00805611 0.000496757
0.444456 0.0084706 0.000496676
0.444684 0.00890163 0.000494837
0.444912 0.00972129 0.000495507
0.44514 0.00940594 0.000497429
0.445368 0.00958699 0.000497267
0.445596 0.00937106 0.00049743
0.445824 0.00888644 0.000496597
0.446052 0.00902327 0.000498111
0.44628 0.00900476 0.00049773
0.446508 0.00844131 0.000498943
0.446736 0.00839659 0.000498054
0.446964 0.00809869 0.000499293
0.447192 0.00803994 0.000501864
0.44742 0.00761371 0.000501189
0.447648 0.00819459 0.000498453
0.447876 0.00875647 0.000500399
0.448104 0.0082874 0.000501296
0.448332 0.008589 0.00050268
0.44856 0.00836983 0.000501277
0.448788 0.00801744 0.000501821
0.449016 0.00788467 0.000502559
0.449244 0.00802603 0.00050429
0.449472 0.00804989 0.000504523
0.4497 0.00785304 0.000504467
0.449928 0.00858159 0.000504599
0.450156 0.00911899 0.00050599
0.450384 0.00901659 0.000505356
0.450612 0.00938543 0.000504104
0.45084 0.00934459 0.000507619
0.451068 0.00905771 0.000508516
0.451296 0.00862181 0.000508503
0.451524 0.00928583 0.000507279
0.451752 0.00870297 0.00050715
0.45198 0.00887144 0.000507409
0.452208 0.009134 0.000508561
0.452436 0.00831687 0.000508159
0.452664 0.0081898 0.00051045
0.452892 0.00858927 0.000512036
0.45312 0.008511 0.000511569
0.453348 0.0086914 0.00050788
0.453576 0.00900664 0.000511707
0.453804 0.00932261 0.000511861
0.454032 0.0090193 0.000512433
0.45426 0.00881504 0.000513097
0.454488 0.00874707 0.000513494
0.454716 0.00892584 0.000513301
0.454944 0.00911763 0.000515259
0.455172 0.00899879 0.000517081
0.4554 0.00812001 0.000513773
0.455628 0.00887144 0.000516096
0.455856 0.00868499 0.000517661
0.456084 0.00921669 0.000517457
0.456312 0.00851516 0.000514217
0.45654 0.00823137 0.000518236
0.456768 0.00782764 0.000518503
0.456996 0.00880293 0.000519373
0.457224 0.00846103 0.000517961
0.457452 0.0071892 0.000517463
0.45768 0.00797207 0.000519654
0.457908 0.00888011 0.000521534
0.458136 0.00888481 0.000521334
0.458364 0.00925149 0.000519744
0.458592 0.009686 0.000524686
0.458819 0.00877697 0.000521921
0.459047 0.00847851 0.000522527
0.459275 0.00847901 0.0005212
0.459503 0.0096854 0.000523373
0.459731 0.00901171 0.000524939
0.459959 0.00789081 0.000526039
0.460187 0.0070585 0.000525827
0.460415 0.00735667 0.000524056
0.460643 0.00790293 0.000525143
0.460871 0.00799357 0.000527203
0.461099 0.00860853 0.000526783
0.461327 0.00892287 0.000529067
0.461555 0.00898469 0.000530244
0.461783 0.00888111 0.000527951
0.462011 0.00789733 0.000528376
0.462239 0.0085467 0.000530267
0.462467 0.00909549 0.000531961
0.462695 0.0103055 0.000533164
0.462923 0.00984944 0.00053205
0.463151 0.00980697 0.00053236
0.463379 0.00955797 0.000532773
0.463607 0.0081888 0.000532837
0.463835 0.0089752 0.000535326
0.464063 0.00970936 0.00053535
0.464291 0.00884496 0.00053689
0.464519 0.00800677 0.000536333
0.464747 0.00814659 0.000534657
0.464975 0.00800831 0.000536016
0.465203 0.00799783 0.000536616
0.465431 0.00789019 0.000538833
0.465659 0.00772071 0.00054041
0.465887 0.00790646 0.000539814
0.466115 0.00836369 0.000540006
0.466343 0.00797749 0.000540763
0.466571 0.00764624 0.000542044
0.466799 0.00809526 0.000541176
0.467027 0.00858367 0.000543637
0.467255 0.00932967 0.000544476
0.467483 0.00865814 0.000545324
0.467711 0.00822667 0.000545174
0.467939 0.00810284 0.000546177
0.468167 0.00847611 0.000546256
0.468395 0.00819676 0.000548611
0.468623 0.00803733 0.00054619
0.468851 0.00774133 0.00054657
0.469079 0.00775371 0.000550273
0.469307 0.00812471 0.000549329
0.469535 0.00842009 0.000551074
0.469763 0.00844973 0.000551876
0.469991 0.00848977 0.000553339
0.470219 0.00865624 0.000552216
0.470447 0.00835021 0.000552573
0.470675 0.00789787 0.000551927
0.470903 0.00805304 0.00055331
0.471131 0.00818853 0.000556306
0.471359 0.00803931 0.000557524
0.471587 0.00838384 0.000556589
0.471815 0.00799313 0.00055641
0.472043 0.00814967 0.000560201
0.472271 0.00880157 0.000560359
0.472499 0.00864404 0.000559873
0.472727 0.00845796 0.000561267
0.472955 0.00794939 0.000559649
0.473183 0.00770237 0.000561324
0.473411 0.0081023 0.000562579
0.473639 0.00763279 0.00056475
0.473867 0.00707631 0.000566027
0.474095 0.00798499 0.000564121
0.474323 0.00863364 0.000564913
0.474551 0.00822143 0.00056752
0.474779 0.00810131 0.000567547
0.475007 0.0084537 0.000570533
0.475235 0.0089113 0.000571113
0.475463 0.0084453 0.000571679
0.475691 0.00909874 0.000572729
0.475919 0.0084302 0.000571016
0.476147 0.00884234 0.000572667
0.476375 0.0089461 0.000574807
0.476603 0.00880149 0.000576619
0.476831 0.00917737 0.00057854
0.477059 0.00939221 0.000578929
0.477287 0.00876913 0.000576474
0.477515 0.0079821 0.000576901
0.477743 0.0080131 0.000580113
0.477971 0.0085721 0.000581973
0.478199 0.00873849 0.000582519
0.478427 0.00844177 0.000583761
0.478655 0.00753653 0.000581721
0.478883 0.00702696 0.000583203
0.479111 0.00770047 0.000585117
0.479339 0.00758777 0.000587721
0.479567 0.008217 0.000588633
0.479795 0.00900574 0.00058969
0.480023 0.00874291 0.000587944
0.480251 0.00898613 0.000589581
0.480479 0.00860201 0.000593837
0.480707 0.00870596 0.000594433
0.480935 0.00840056 0.000595626
0.481163 0.00690486 0.000597369
0.481391 0.00727677 0.00059507
0.481619 0.0081192 0.000596989
0.481847 0.00841484 0.000599043
0.482075 0.00895703 0.000599807
0.482303 0.00917421 0.000601239
0.482531 0.010287 0.000603433
0.482759 0.0096516 0.000602747
0.482987 0.00846211 0.00060401
0.483215 0.00886267 0.000604783
0.483443 0.00879019 0.000605426
0.483671 0.0079351 0.000610056
0.483899 0.00714437 0.000611126
0.484127 0.00715269 0.000610356
0.484355 0.00791197 0.00060978
0.484583 0.00825857 0.000613399
0.484811 0.00880583 0.000614844
0.485039 0.00835274 0.000617724
0.485267 0.00854137 0.000617414
0.485495 0.00827819 0.000618397
0.485723 0.00828984 0.000619059
0.485951 0.00883971 0.000622604
0.486179 0.00936861 0.0006242
0.486407 0.00857283 0.000624317
0.486635 0.00855267 0.000625746
0.486863 0.00866863 0.000626814
0.487091 0.00779619 0.00062686
0.487319 0.00784381 0.000628461
0.487547 0.00846066 0.000632516
0.487775 0.00907814 0.000634803
0.488003 0.0086961 0.00063511
0.488231 0.00844051 0.000637416
0.488459 0.00907561 0.00063812
0.488687 0.0080751 0.000640069
0.488915 0.00734086 0.000639034
0.489143 0.00752107 0.000641921
0.489371 0.00728636 0.000644414
0.489599 0.00786759 0.000643617
0.489827 0.00785077 0.000646834
0.490055 0.00828577 0.000649157
0.490283 0.00788647 0.000652519
0.490511 0.00832184 0.00065348
0.490739 0.00726683 0.000653107
0.490967 0.00658627 0.000656801
0.491195 0.0068068 0.000658709
0.491423 0.00706863 0.00065943
0.491651 0.00680147 0.000662584
0.491879 0.00667367 0.000663804
0.492107 0.00728789 0.000666784
0.492335 0.00698883 0.000670699
0.492563 0.00685009 0.000671099
0.492791 0.00699253 0.00067074
0.493019 0.00714609 0.000675081
0.493247 0.00735594 0.000677711
0.493475 0.00796746 0.000679001
0.493703 0.00838339 0.000679853
0.493931 0.0081409 0.000685317
0.494159 0.00761091 0.000686711
0.494387 0.00783523 0.000688837
0.494615 0.00796637 0.000691087
0.494843 0.00811044 0.000691606
0.495071 0.00868363 0.000696946
0.495299 0.00801454 0.000699939
0.495527 0.00821167 0.00070372
0.495755 0.00877934 0.000705956
0.495983 0.0070576 0.000705324
0.496211 0.00591737 0.000708476
0.496439 0.00660877 0.000712744
0.496667 0.00867306 0.00071638
0.496895 0.00844313 0.000718539
0.497123 0.00667963 0.000720626
0.497351 0.00713541 0.000724157
0.497579 0.00716516 0.000728777
0.497807 0.00677923 0.000730824
0.498035 0.0057545 0.000733421
0.498263 0.00709529 0.000736017
0.498491 0.00785693 0.000740929
0.498719 0.00696324 0.000744853
0.498947 0.00690513 0.000747126
0.499175 0.0076222 0.000753461
0.499403 0.00689086 0.000759059
0.499631 0.00561811 0.000759907
0.499859 0.00563727 0.000764413
0.500087 0.00585627 0.00076866
0.500315 0.00586007 0.000774194
0.500543 0.00685614 0.000778213
0.500771 0.00715666 0.000781986
0.500999 0.00710441 0.00078381
0.501227 0.00736806 0.000791443
0.501455 0.00772289 0.000796321
0.501683 0.00659874 0.000799711
0.501911 0.00732739 0.000805683
