0.0219173 0.934743 0.0315953
0.0221457 0.954805 0.0297785
0.0223741 0.953039 0.0293742
0.0226025 0.924862 0.0281243
0.0228309 0.932753 0.0273107
0.0230592 0.904671 0.0265099
0.0232876 0.928613 0.0250027
0.023516 0.930637 0.0244328
0.0237444 0.918824 0.023262
0.0239728 0.947273 0.0226326
0.0242012 0.951037 0.0220283
0.0244295 0.930825 0.0215757
0.0246579 0.947041 0.0213263
0.0248863 0.950092 0.0207237
0.0251147 0.90406 0.02044
0.0253431 0.88902 0.0200256
0.0255715 0.879242 0.0196873
0.0257998 0.871266 0.0194972
0.0260282 0.885876 0.0190398
0.0262566 0.893286 0.0189677
0.026485 0.896829 0.0185016
0.0267134 0.892457 0.0182631
0.0269418 0.848748 0.0180754
0.0271701 0.853543 0.0177956
0.0273985 0.875367 0.0177003
0.0276269 0.889403 0.0172254
0.0278553 0.874816 0.0171419
0.0280837 0.857167 0.0169792
0.0283121 0.880856 0.0167885
0.0285404 0.850801 0.0166894
0.0287688 0.818787 0.0162378
0.0289972 0.821924 0.0162271
0.0292256 0.820042 0.0160213
0.029454 0.825849 0.0158324
0.0296824 0.822143 0.0156663
0.0299107 0.810054 0.0153597
0.0301391 0.813716 0.0154225
0.0303675 0.805193 0.0151509
0.0305959 0.8055 0.0150572
0.0308243 0.818318 0.0149297
0.0310527 0.796088 0.014762
0.031281 0.810696 0.01467
0.0315094 0.816792 0.0144542
0.0317378 0.779695 0.0143498
0.0319662 0.761881 0.0141684
0.0321946 0.769124 0.0140549
0.032423 0.755028 0.0139839
0.0326513 0.750026 0.0137914
0.0328797 0.755047 0.0137619
0.0331081 0.776386 0.0135969
0.0333365 0.748847 0.0135062
0.0335649 0.726637 0.0133169
0.0337933 0.721344 0.0132552
0.0340216 0.698831 0.0131839
0.03425 0.704784 0.0130379
0.0344784 0.733284 0.0130206
0.0347068 0.725826 0.0128433
0.0349352 0.732473 0.012742
0.0351636 0.725272 0.0126004
0.0353919 0.712708 0.0124527
0.0356203 0.704987 0.0124599
0.0358487 0.6812 0.0123399
0.0360771 0.674226 0.0122695
0.0363055 0.66636 0.0121405
0.0365339 0.68296 0.0120445
0.0367622 0.675577 0.0120054
0.0369906 0.67254 0.0118843
0.037219 0.672426 0.0119056
0.0374474 0.656524 0.0116965
0.0376758 0.645545 0.0116558
0.0379042 0.627142 0.0116998
0.0381325 0.619195 0.0114645
0.0383609 0.628721 0.0114629
0.0385893 0.623242 0.0113459
0.0388177 0.623744 0.0113306
0.0390461 0.620547 0.0112869
0.0392744 0.617814 0.0111281
0.0395028 0.618155 0.0111717
0.0397312 0.620466 0.0110614
0.0399596 0.610934 0.0110667
0.040188 0.603024 0.010922
0.0404164 0.607103 0.0108258
0.0406447 0.608821 0.010846
0.0408731 0.605379 0.0107136
0.0411015 0.598163 0.010744
0.0413299 0.591005 0.0106218
0.0415583 0.589082 0.0106038
0.0417867 0.575817 0.0105991
0.042015 0.577418 0.0104414
0.0422434 0.566493 0.0104678
0.0424718 0.563305 0.0103454
0.0427002 0.560421 0.0103609
0.0429286 0.555159 0.0102726
0.043157 0.546437 0.0101748
0.0433853 0.541187 0.0102162
0.0436137 0.539595 0.0101209
0.0438421 0.553074 0.0101178
0.0440705 0.547889 0.0100149
0.0442989 0.528708 0.00994831
0.0445273 0.532507 0.00998801
0.0447556 0.53736 0.00990415
0.044984 0.527993 0.00989554
0.0452124 0.523647 0.0097974
0.0454408 0.513537 0.00975927
0.0456692 0.503677 0.00975014
0.0458976 0.510199 0.00964058
0.0461259 0.520626 0.00964727
0.0463543 0.501738 0.0095588
0.0465827 0.503698 0.00958581
0.0468111 0.492223 0.00952561
0.0470395 0.485329 0.00943735
0.0472679 0.488692 0.00946932
0.0474962 0.475891 0.00940165
0.0477246 0.481747 0.00941734
0.047953 0.484914 0.00937679
0.0481814 0.486651 0.00938348
0.0484098 0.466913 0.00950662
0.0486382 0.467926 0.00947821
0.0488665 0.463617 0.00950148
0.0490949 0.44118 0.009439
0.0493233 0.442511 0.00946072
0.0495517 0.455742 0.00949273
0.0497801 0.452018 0.00948217
0.0500085 0.430395 0.00947768
0.0502368 0.438636 0.0094318
0.0504652 0.435332 0.00945821
0.0506936 0.430423 0.00941703
0.050922 0.413311 0.00941538
0.0511504 0.408001 0.00943617
0.0513788 0.411333 0.00939146
0.0516071 0.410311 0.00939482
0.0518355 0.434662 0.00936914
0.0520639 0.433947 0.00935851
0.0522923 0.421923 0.00936817
0.0525207 0.416457 0.00931926
0.0527491 0.393574 0.00934274
0.0529774 0.40332 0.00925834
0.0532058 0.408207 0.00930992
0.0534342 0.405684 0.00929079
0.0536626 0.406392 0.00926424
0.053891 0.391599 0.00926497
0.0541194 0.382787 0.00923659
0.0543477 0.372896 0.00927
0.0545761 0.37034 0.00919749
0.0548045 0.367068 0.00917361
0.0550329 0.367544 0.00914694
0.0552613 0.362562 0.00912572
0.0554897 0.355781 0.00917997
0.055718 0.354016 0.00911176
0.0559464 0.366432 0.00912654
0.0561748 0.363165 0.00910318
0.0564032 0.365966 0.00913428
0.0566316 0.369174 0.00914588
0.05686 0.373923 0.00907425
0.0570883 0.379905 0.00911119
0.0573167 0.364101 0.00902318
0.0575451 0.364156 0.00904514
0.0577735 0.358308 0.00904355
0.0580019 0.351032 0.00897245
0.0582303 0.348547 0.00908091
0.0584586 0.344456 0.00900902
0.058687 0.329905 0.00898978
0.0589154 0.332677 0.00892876
0.0591438 0.333805 0.00893678
0.0593722 0.328511 0.00898008
0.0596006 0.328453 0.00891474
0.0598289 0.330774 0.00895036
0.0600573 0.321751 0.00888126
0.0602857 0.324508 0.00891489
0.0605141 0.323626 0.00892398
0.0607425 0.326947 0.0088216
0.0609709 0.326385 0.00889435
0.0611992 0.332984 0.00884044
0.0614276 0.319842 0.00883239
0.061656 0.321603 0.00888459
0.0618844 0.3157 0.00878928
0.0621128 0.302667 0.00884593
0.0623412 0.299846 0.00878795
0.0625695 0.308239 0.00879353
0.0627979 0.297624 0.00875703
0.0630263 0.302874 0.00875999
0.0632547 0.301661 0.00879554
0.0634831 0.303782 0.00874459
0.0637114 0.302216 0.00875007
0.0639398 0.291411 0.00874593
0.0641682 0.286547 0.00870748
0.0643966 0.282602 0.00873204
0.064625 0.286505 0.0086336
0.0648534 0.282724 0.00871007
0.0650817 0.276795 0.00868045
0.0653101 0.279081 0.00869785
0.0655385 0.284519 0.00866282
0.0657669 0.280751 0.00861407
0.0659953 0.281662 0.00866178
0.0662237 0.273972 0.00859898
0.066452 0.281092 0.00859943
0.0666804 0.274116 0.00858168
0.0669088 0.265047 0.00858613
0.0671372 0.265432 0.00859118
0.0673656 0.273389 0.00853553
0.067594 0.268241 0.00856621
0.0678223 0.249859 0.00856609
0.0680507 0.249911 0.00852714
0.0682791 0.246879 0.00852814
0.0685075 0.238193 0.00845158
0.0687359 0.254298 0.00850262
0.0689643 0.254393 0.00850262
0.0691926 0.244003 0.0084978
0.069421 0.235958 0.00848618
0.0696494 0.235532 0.00844931
0.0698778 0.241539 0.00847715
0.0701062 0.249488 0.00842198
0.0703346 0.238299 0.00841872
0.0705629 0.241207 0.00843971
0.0707913 0.236847 0.00839533
0.0710197 0.231471 0.00843257
0.0712481 0.234689 0.00834667
0.0714765 0.259129 0.00835348
0.0717049 0.256858 0.00839389
0.0719332 0.252322 0.00835576
0.0721616 0.231685 0.00836112
0.07239 0.231753 0.00832419
0.0726184 0.230474 0.00834625
0.0728468 0.234806 0.00831763
0.0730752 0.240679 0.00831732
0.0733035 0.241734 0.00830504
0.0735319 0.240461 0.00829393
0.0737603 0.232911 0.00831426
0.0739887 0.234632 0.00824424
0.0742171 0.223801 0.00824932
0.0744455 0.21702 0.008221
0.0746738 0.221465 0.00824093
0.0749022 0.238507 0.00826225
0.0751306 0.229684 0.00822929
0.075359 0.21806 0.00821902
0.0755874 0.212393 0.00818475
0.0758158 0.217504 0.00818949
0.0760441 0.213321 0.00817015
0.0762725 0.218058 0.00816985
0.0765009 0.207647 0.00819751
0.0767293 0.197005 0.00813852
0.0769577 0.200573 0.0081568
0.0771861 0.190883 0.00812341
0.0774144 0.192344 0.00811353
0.0776428 0.184232 0.00811786
0.0778712 0.183851 0.00810775
0.0780996 0.198705 0.00809852
0.078328 0.190253 0.00805966
0.0785564 0.189167 0.00809051
0.0787847 0.176861 0.00807257
0.0790131 0.185511 0.00803334
0.0792415 0.196139 0.00804767
0.0794699 0.198707 0.00804752
0.0796983 0.186309 0.00805566
0.0799267 0.181098 0.00800584
0.080155 0.176395 0.00798189
0.0803834 0.184428 0.00801665
0.0806118 0.183019 0.00800082
0.0808402 0.178942 0.00801345
0.0810686 0.189546 0.00794782
0.081297 0.181888 0.00795362
0.0815253 0.183171 0.00797729
0.0817537 0.183784 0.00794534
0.0819821 0.181274 0.00794297
0.0822105 0.18596 0.00790851
0.0824389 0.170337 0.00793815
0.0826673 0.171337 0.00789224
0.0828956 0.175116 0.00787385
0.083124 0.176007 0.00790556
0.0833524 0.157986 0.00785984
0.0835808 0.165979 0.00791635
0.0838092 0.182451 0.00788012
0.0840376 0.183072 0.00786076
0.0842659 0.172635 0.00789879
0.0844943 0.170266 0.00783457
0.0847227 0.178461 0.00785584
0.0849511 0.182524 0.00780588
0.0851795 0.17056 0.00780733
0.0854079 0.166562 0.0078512
0.0856362 0.155535 0.00780241
0.0858646 0.156428 0.00782899
0.086093 0.157147 0.00776571
0.0863214 0.157887 0.00780906
0.0865498 0.160518 0.00781889
0.0867781 0.150782 0.00775876
0.0870065 0.172636 0.00776647
0.0872349 0.17456 0.00775918
0.0874633 0.168174 0.00774759
0.0876917 0.164008 0.00774616
0.0879201 0.166103 0.00772866
0.0881484 0.169442 0.00772826
0.0883768 0.176926 0.00773287
0.0886052 0.167751 0.00773354
0.0888336 0.163307 0.00770102
0.089062 0.159414 0.00769794
0.0892904 0.14576 0.00771266
0.0895187 0.142432 0.00769162
0.0897471 0.139021 0.00766971
0.0899755 0.136858 0.00764824
0.0902039 0.142789 0.00766718
0.0904323 0.141806 0.00765546
0.0906607 0.134407 0.00764638
0.090889 0.135092 0.00763319
0.0911174 0.142897 0.0076212
0.0913458 0.136897 0.00764566
0.0915742 0.152184 0.00762286
0.0918026 0.149387 0.00759489
0.092031 0.151819 0.00763771
0.0922593 0.147143 0.00760517
0.0924877 0.138937 0.00759081
0.0927161 0.137472 0.00754993
0.0929445 0.131463 0.00757754
0.0931729 0.142335 0.00758048
0.0934013 0.147946 0.00758743
0.0936296 0.154897 0.0075772
0.093858 0.147189 0.00752673
0.0940864 0.133029 0.00754746
0.0943148 0.128535 0.0075286
0.0945432 0.145229 0.00752546
0.0947716 0.147821 0.00751255
0.0949999 0.144942 0.00752545
0.0952283 0.135356 0.00751653
0.0954567 0.137416 0.00750135
0.0956851 0.142556 0.00750549
0.0959135 0.135231 0.00748388
0.0961419 0.127245 0.00745662
0.0963702 0.122056 0.00747621
0.0965986 0.125728 0.00742615
0.096827 0.132539 0.00747216
0.0970554 0.123755 0.0074602
0.0972838 0.130923 0.00745485
0.0975122 0.125432 0.00745035
0.0977405 0.118966 0.00742612
0.0979689 0.124171 0.00747289
0.0981973 0.131711 0.00741453
0.0984257 0.127789 0.00741037
0.0986541 0.132165 0.00741139
0.0988825 0.126012 0.0073894
0.0991108 0.109803 0.00741758
0.0993392 0.116318 0.00738445
0.0995676 0.120079 0.00737905
0.099796 0.109743 0.00739081
0.100024 0.103338 0.00734315
0.100253 0.104871 0.00739747
0.100481 0.101479 0.00732406
0.10071 0.110273 0.00737197
0.100938 0.111316 0.00737657
0.101166 0.116307 0.00732073
0.101395 0.114489 0.00733617
0.101623 0.111415 0.00732354
0.101851 0.110458 0.00732561
0.10208 0.112974 0.00734833
0.102308 0.116055 0.00729602
0.102537 0.112275 0.00731148
0.102765 0.109052 0.00733095
0.102993 0.104592 0.00729685
0.103222 0.109642 0.00730257
0.10345 0.122833 0.00727537
0.103679 0.128929 0.00728804
0.103907 0.113392 0.00728583
0.104135 0.106718 0.00725896
0.104364 0.108556 0.00726837
0.104592 0.114177 0.00729522
0.10482 0.110716 0.00724411
0.105049 0.109919 0.00728242
0.105277 0.109345 0.00721672
0.105506 0.109582 0.00722924
0.105734 0.113994 0.00726776
0.105962 0.125023 0.00719115
0.106191 0.119299 0.00725222
0.106419 0.116222 0.00723922
0.106647 0.110565 0.00719057
0.106876 0.104052 0.00722638
0.107104 0.104866 0.00716449
0.107333 0.108559 0.00720397
0.107561 0.109568 0.00720442
0.107789 0.0982544 0.00716415
0.108018 0.0979511 0.00719039
0.108246 0.100036 0.00712885
0.108475 0.100187 0.00721322
0.108703 0.0977052 0.00717549
0.108931 0.0861577 0.00715496
0.10916 0.0850965 0.00715277
0.109388 0.0929421 0.00714557
0.109616 0.104748 0.00715324
0.109845 0.104797 0.00714211
0.110073 0.104181 0.00713702
0.110302 0.0925201 0.00712222
0.11053 0.0933643 0.00713349
0.110758 0.100004 0.00711623
0.110987 0.108886 0.00710994
0.111215 0.103511 0.00708841
0.111444 0.0953595 0.00710746
0.111672 0.0900165 0.00712241
0.1119 0.0888699 0.0070758
0.112129 0.0995122 0.00706379
0.112357 0.105707 0.00709362
0.112585 0.0988329 0.00705426
0.112814 0.0977355 0.00708075
0.113042 0.105427 0.00704994
0.113271 0.103487 0.00705166
0.113499 0.0897262 0.00710037
0.113727 0.0888466 0.00702446
0.113956 0.0999034 0.00706471
0.114184 0.08733 0.00702846
0.114413 0.0879948 0.00706003
0.114641 0.0888665 0.00707385
0.114869 0.0842404 0.00699467
0.115098 0.0801275 0.00700841
0.115326 0.0730426 0.00700899
0.115554 0.0807043 0.0069962
0.115783 0.0899762 0.00703958
0.116011 0.100154 0.00697209
0.11624 0.109896 0.00701361
0.116468 0.0937508 0.00699832
0.116696 0.0793989 0.00696472
0.116925 0.0850032 0.00698708
0.117153 0.0868039 0.00699098
0.117381 0.0977428 0.00697805
0.11761 0.100884 0.00698811
0.117838 0.0905052 0.00695351
0.118067 0.0746604 0.00696652
0.118295 0.07672 0.00697376
0.118523 0.0873587 0.00692901
0.118752 0.0893711 0.00695912
0.11898 0.0896356 0.00692502
0.119209 0.0770498 0.00694904
0.119437 0.0726582 0.00696516
0.119665 0.0795538 0.00689448
0.119894 0.0792512 0.00691389
0.120122 0.0762117 0.00694014
0.12035 0.0702305 0.00689823
0.120579 0.0854337 0.00693521
0.120807 0.09157 0.006862
0.121036 0.0918465 0.00693989
0.121264 0.0903114 0.00691413
0.121492 0.0965706 0.006867
0.121721 0.0822144 0.00691073
0.121949 0.0709603 0.00684369
0.122178 0.0662628 0.00689718
0.122406 0.0658844 0.00688666
0.122634 0.0797824 0.00684477
0.122863 0.0872283 0.00687906
0.123091 0.0898265 0.00687812
0.123319 0.0800151 0.00686477
0.123548 0.07606 0.00685975
0.123776 0.0747508 0.00682714
0.124005 0.0712877 0.00684601
0.124233 0.0748121 0.00682684
0.124461 0.0742199 0.00684694
0.12469 0.072798 0.0038168
0.124918 0.0683771 0.00376205
0.125147 0.0647139 0.00378144
0.125375 0.0670531 0.00375953
0.125603 0.0679732 0.00375689
0.125832 0.0732066 0.00375673
0.12606 0.0760036 0.00377271
0.126288 0.072936 0.00373889
0.126517 0.0693684 0.00375373
0.126745 0.0693872 0.00374246
0.126974 0.0703278 0.00374384
0.127202 0.0704682 0.00376229
0.12743 0.0699162 0.00372463
0.127659 0.0695183 0.00374387
0.127887 0.0706909 0.00373195
0.128116 0.0678321 0.00373861
0.128344 0.0691748 0.00374809
0.128572 0.0761797 0.00370188
0.128801 0.0789635 0.00373813
0.129029 0.0707373 0.00373144
0.129257 0.0711182 0.00370425
0.129486 0.0697184 0.00373011
0.129714 0.0668317 0.00369377
0.129943 0.0643966 0.00372994
0.130171 0.0603914 0.00372076
0.130399 0.0624927 0.00370325
0.130628 0.0628925 0.00371042
0.130856 0.06855 0.00370171
0.131084 0.0668367 0.00370777
0.131313 0.0633652 0.00370482
0.131541 0.0625594 0.00368286
0.13177 0.0668087 0.003705
0.131998 0.0639117 0.00368717
0.132226 0.0598029 0.0036916
0.132455 0.0617356 0.00368954
0.132683 0.0630032 0.00368373
0.132912 0.0694708 0.00369454
0.13314 0.0651028 0.00368655
0.133368 0.063006 0.00366897
0.133597 0.0571304 0.00367092
0.133825 0.0518673 0.00368513
0.134053 0.0574687 0.00365902
0.134282 0.063642 0.00368423
0.13451 0.0646781 0.00366659
0.134739 0.0609583 0.00366765
0.134967 0.0579666 0.00366596
0.135195 0.0586786 0.00364965
0.135424 0.0580392 0.00366339
0.135652 0.0572432 0.00364824
0.135881 0.0595034 0.00366439
0.136109 0.0581939 0.00365267
0.136337 0.0608254 0.00363179
0.136566 0.0577371 0.00365834
0.136794 0.0488344 0.00364798
0.137022 0.0532286 0.00363274
0.137251 0.0617713 0.00364851
0.137479 0.0636631 0.00362686
0.137708 0.0566103 0.00364543
0.137936 0.0576569 0.00363003
0.138164 0.0592236 0.00362535
0.138393 0.067634 0.00364
0.138621 0.0657043 0.00363221
0.13885 0.0616692 0.00363693
0.139078 0.0612928 0.00362015
0.139306 0.0526763 0.00361117
0.139535 0.0509536 0.00362627
0.139763 0.0536304 0.00363064
0.139991 0.0550187 0.00361234
0.14022 0.0522603 0.00361242
0.140448 0.0564152 0.00360991
0.140677 0.0593118 0.00360521
0.140905 0.0545905 0.00361481
0.141133 0.0558599 0.0036012
0.141362 0.0561913 0.00360649
0.14159 0.0593229 0.00362665
0.141818 0.0553771 0.0035832
0.142047 0.0511611 0.00360922
0.142275 0.0517886 0.00358647
0.142504 0.0552524 0.00360152
0.142732 0.0499822 0.00360035
0.14296 0.0500835 0.00357352
0.143189 0.0480672 0.00359878
0.143417 0.0511492 0.00357348
0.143646 0.0524111 0.00360232
0.143874 0.0510365 0.00359523
0.144102 0.0510054 0.00356354
0.144331 0.0497277 0.00359287
0.144559 0.0528012 0.00357437
0.144787 0.0523524 0.00357003
0.145016 0.0472189 0.00358237
0.145244 0.0444206 0.00356075
0.145473 0.0480219 0.0035826
0.145701 0.0500627 0.00356483
0.145929 0.0436025 0.00355877
0.146158 0.0512963 0.00356689
0.146386 0.0516831 0.00355743
0.146615 0.0479358 0.00356627
0.146843 0.0440675 0.00355821
0.147071 0.0488088 0.00356156
0.1473 0.0564967 0.00355742
0.147528 0.0527966 0.00376561
0.147756 0.0509215 0.00300039
0.147985 0.0530263 0.00300882
0.148213 0.0559192 0.00300936
0.148442 0.0509058 0.00300304
0.14867 0.0518842 0.00300531
0.148898 0.0528232 0.002989
0.149127 0.0519404 0.00300653
0.149355 0.0502117 0.00300445
0.149584 0.0443566 0.00299411
0.149812 0.0428355 0.00299336
0.15004 0.0451444 0.00298107
0.150269 0.0443175 0.00300173
0.150497 0.0462432 0.00299663
0.150725 0.0481803 0.00297738
0.150954 0.0491515 0.00299794
0.151182 0.0504468 0.00297877
0.151411 0.0481808 0.00298959
0.151639 0.0469376 0.00298091
0.151867 0.0520746 0.0029614
0.152096 0.04925 0.00299414
0.152324 0.0464149 0.00296441
0.152553 0.0462126 0.00299194
0.152781 0.0454416 0.00296789
0.153009 0.0416417 0.00296277
0.153238 0.0472086 0.00297981
0.153466 0.0458708 0.00296995
0.153694 0.0431675 0.00296363
0.153923 0.0464426 0.00296547
0.154151 0.041224 0.00296259
0.15438 0.0403823 0.00296447
0.154608 0.0449975 0.00295521
0.154836 0.0453981 0.00295769
0.155065 0.0436733 0.00295628
0.155293 0.0421914 0.0029668
0.155521 0.0413475 0.00294835
0.15575 0.0422325 0.00295168
0.155978 0.0466792 0.00295457
0.156207 0.0481558 0.00295567
0.156435 0.0452016 0.00295276
0.156663 0.0453608 0.00293065
0.156892 0.0432416 0.00295677
0.15712 0.0397135 0.00294551
0.157349 0.0444192 0.00294028
0.157577 0.0460986 0.00294484
0.157805 0.0467273 0.00292599
0.158034 0.0445464 0.00294922
0.158262 0.0396871 0.00294535
0.15849 0.0402557 0.00292592
0.158719 0.0383964 0.00293747
0.158947 0.0398052 0.00292882
0.159176 0.0402112 0.00293894
0.159404 0.0376601 0.00291931
0.159632 0.0388364 0.00291406
0.159861 0.0420485 0.00293972
0.160089 0.0426743 0.00291691
0.160318 0.0416288 0.00293651
0.160546 0.0440159 0.00292023
0.160774 0.0388904 0.00291588
0.161003 0.0379062 0.00292907
0.161231 0.0380295 0.00291675
0.161459 0.0394488 0.00291015
0.161688 0.0400424 0.00291402
0.161916 0.0420916 0.00291223
0.162145 0.0386866 0.00290563
0.162373 0.0385172 0.00291436
0.162601 0.0377805 0.00290494
0.16283 0.0405161 0.0029172
0.163058 0.0410634 0.0029026
0.163287 0.0442251 0.00289926
0.163515 0.0449467 0.00290365
0.163743 0.041946 0.00290161
0.163972 0.0395708 0.00290342
0.1642 0.0413677 0.00290864
0.164428 0.03769 0.00287441
0.164657 0.0357994 0.00290624
0.164885 0.0365403 0.00288366
0.165114 0.0351475 0.00289756
0.165342 0.0339288 0.00288943
0.16557 0.0327384 0.00288244
0.165799 0.0371811 0.00289524
0.166027 0.0370628 0.00288094
0.166255 0.0389521 0.00287653
0.166484 0.0416985 0.00289031
0.166712 0.0400389 0.00287638
0.166941 0.0398743 0.00288943
0.167169 0.0373923 0.0028634
0.167397 0.0358718 0.00287562
0.167626 0.0356011 0.00289034
0.167854 0.0333224 0.00287069
0.168083 0.0328809 0.00287761
0.168311 0.0384566 0.00285914
0.168539 0.0388013 0.00286359
0.168768 0.0395669 0.00286542
0.168996 0.0402708 0.00288141
0.169224 0.0381365 0.00286271
0.169453 0.0309147 0.00286186
0.169681 0.0347782 0.00286654
0.16991 0.0375513 0.00285526
0.170138 0.0377186 0.00285704
0.170366 0.03991 0.00285056
0.170595 0.0388006 0.00285771
0.170823 0.0328488 0.00285406
0.171052 0.0329961 0.00284929
0.17128 0.0346006 0.00286065
0.171508 0.0330264 0.00284123
0.171737 0.0349066 0.00285214
0.171965 0.0390622 0.00285806
0.172193 0.03735 0.00283618
0.172422 0.0352361 0.00285547
0.17265 0.0307194 0.00282578
0.172879 0.0291864 0.00283558
0.173107 0.03073 0.00283951
0.173335 0.0301899 0.00283079
0.173564 0.0293338 0.00285205
0.173792 0.0317181 0.00282299
0.174021 0.0277077 0.00283071
0.174249 0.0327005 0.00283543
0.174477 0.0339548 0.00282404
0.174706 0.0304612 0.00283469
0.174934 0.0294886 0.00282868
0.175162 0.0301024 0.00282533
0.175391 0.0297288 0.00283113
0.175619 0.0291778 0.00281689
0.175848 0.0334979 0.00282119
0.176076 0.0320352 0.00281809
0.176304 0.0287391 0.00282046
0.176533 0.025052 0.00282115
0.176761 0.0282204 0.00281433
0.17699 0.0294606 0.00281673
0.177218 0.0311276 0.00281446
0.177446 0.03448 0.00281759
0.177675 0.0330019 0.00281393
0.177903 0.0294227 0.00281725
0.178131 0.0267648 0.00280726
0.17836 0.0294012 0.00282025
0.178588 0.0335621 0.00280489
0.178817 0.0296908 0.00280817
0.179045 0.0285135 0.00281985
0.179273 0.029072 0.00279832
0.179502 0.029704 0.002814
0.17973 0.0246122 0.00280812
0.179958 0.0275083 0.00279014
0.180187 0.0277677 0.00281959
0.180415 0.0255322 0.00279602
0.180644 0.0271708 0.00280922
0.180872 0.0282277 0.002807
0.1811 0.0356641 0.00280426
0.181329 0.0306668 0.00280794
0.181557 0.0308011 0.00279182
0.181786 0.0270952 0.00279846
0.182014 0.0232182 0.00279942
0.182242 0.0203027 0.00279259
0.182471 0.0212281 0.00279573
0.182699 0.0240978 0.00279633
0.182927 0.0261809 0.00279455
0.183156 0.0271159 0.002804
0.183384 0.0264557 0.0027946
0.183613 0.0265267 0.00279029
0.183841 0.0279523 0.00279218
0.184069 0.0251568 0.00279126
0.184298 0.0254757 0.00279608
0.184526 0.0289576 0.00279365
0.184755 0.0316423 0.00278458
0.184983 0.0278815 0.00279772
0.185211 0.0229865 0.00278543
0.18544 0.0277606 0.00278763
0.185668 0.0315658 0.00279261
0.185896 0.0311192 0.00277737
0.186125 0.0297207 0.00279461
0.186353 0.0290523 0.00278004
0.186582 0.0287232 0.002775
0.18681 0.0285123 0.00279085
0.187038 0.0270852 0.0027674
0.187267 0.0259618 0.00278754
0.187495 0.0246336 0.00276217
0.187724 0.0217915 0.00277787
0.187952 0.0258321 0.00278754
0.18818 0.0201395 0.00276725
0.188409 0.0230071 0.00277914
0.188637 0.0243242 0.00277009
0.188865 0.0246542 0.00276457
0.189094 0.0243574 0.00277786
0.189322 0.0182441 0.00275921
0.189551 0.0214887 0.00277021
0.189779 0.0238566 0.00276443
0.190007 0.0255162 0.00277048
0.190236 0.0254603 0.00276741
0.190464 0.0257782 0.00276615
0.190692 0.0276808 0.00276386
0.190921 0.0248187 0.00276596
0.191149 0.0258602 0.002757
0.191378 0.0251335 0.0027562
0.191606 0.0216713 0.00276766
0.191834 0.022576 0.00275823
0.192063 0.0225222 0.00276334
0.192291 0.020538 0.00275209
0.19252 0.0266317 0.00274932
0.192748 0.0285187 0.00276632
0.192976 0.0268045 0.00275259
0.193205 0.0260798 0.0027462
0.193433 0.022056 0.00275279
0.193661 0.0242925 0.00274482
0.19389 0.0237619 0.0027654
0.194118 0.0238281 0.00274474
0.194347 0.0212622 0.00274129
0.194575 0.0212222 0.0027542
0.194803 0.0204838 0.00274562
0.195032 0.0215688 0.00275528
0.19526 0.0232819 0.00273499
0.195489 0.0228021 0.00274573
0.195717 0.0251372 0.00275446
0.195945 0.0260381 0.0027342
0.196174 0.0248836 0.00274986
0.196402 0.0249346 0.00273578
0.19663 0.0244774 0.00273912
0.196859 0.0255925 0.00274735
0.197087 0.0217434 0.00272815
0.197316 0.0227538 0.00273692
0.197544 0.0239701 0.00274225
0.197772 0.0216477 0.00274023
0.198001 0.0203601 0.00273808
0.198229 0.0200754 0.00271904
0.198458 0.0256724 0.00273271
0.198686 0.0275379 0.00273791
0.198914 0.0280788 0.00273196
0.199143 0.0279295 0.00272866
0.199371 0.0209733 0.00273722
0.199599 0.0207148 0.00272466
0.199828 0.0207538 0.00273077
0.200056 0.0197267 0.00271927
0.200285 0.0189185 0.00271644
0.200513 0.0246426 0.0027348
0.200741 0.0224581 0.00271985
0.20097 0.0183755 0.00273111
0.201198 0.0201036 0.00271936
0.201427 0.0162633 0.00272517
0.201655 0.0172101 0.00273953
0.201883 0.0192653 0.00271983
0.202112 0.0208156 0.002733
0.20234 0.0218132 0.00273007
0.202568 0.0246983 0.00272659
0.202797 0.0239094 0.00274756
0.203025 0.0265587 0.00271751
0.203254 0.0264709 0.00274042
0.203482 0.0256445 0.00274727
0.20371 0.0258804 0.00273186
0.203939 0.0255406 0.00273642
0.204167 0.0231396 0.00273644
0.204395 0.0220344 0.00274146
0.204624 0.0223625 0.0027452
0.204852 0.0199258 0.00273517
0.205081 0.0240687 0.00274243
0.205309 0.0202883 0.00274597
0.205537 0.0184949 0.00273597
0.205766 0.0191304 0.0027412
0.205994 0.0199326 0.00273577
0.206223 0.0257035 0.00274767
0.206451 0.0229583 0.00275056
0.206679 0.0221775 0.00273849
0.206908 0.0209794 0.00274055
0.207136 0.0241976 0.00275524
0.207364 0.0224684 0.00273608
0.207593 0.0219907 0.00275435
0.207821 0.0204582 0.00273766
0.20805 0.0234582 0.00274181
0.208278 0.0234694 0.00276837
0.208506 0.0237173 0.00273893
0.208735 0.0256205 0.00276521
0.208963 0.0253889 0.00273717
0.209192 0.0205684 0.00274508
0.20942 0.0159196 0.00275271
0.209648 0.0205782 0.00273385
0.209877 0.0194537 0.00275433
0.210105 0.0195088 0.00275602
0.210333 0.0175824 0.00274937
0.210562 0.0164627 0.00276082
0.21079 0.0181296 0.00272942
0.211019 0.0167409 0.0027522
0.211247 0.0162153 0.00274743
0.211475 0.0146612 0.00274609
0.211704 0.0213352 0.00275536
0.211932 0.0284294 0.00273525
0.212161 0.0247173 0.00276098
0.212389 0.020966 0.00274403
0.212617 0.0228527 0.00274336
0.212846 0.0223863 0.0027494
0.213074 0.0233357 0.00274962
0.213302 0.0222311 0.00274414
0.213531 0.0227641 0.00274423
0.213759 0.0247805 0.00273471
0.213988 0.0257531 0.00274496
0.214216 0.0221369 0.00275059
0.214444 0.0195015 0.00274098
0.214673 0.0186431 0.00273266
0.214901 0.0180241 0.00274529
0.215129 0.0154855 0.00272727
0.215358 0.01965 0.0027424
0.215586 0.0216123 0.00273473
0.215815 0.0202295 0.00273923
0.216043 0.0151532 0.00275221
0.216271 0.0130791 0.00272259
0.2165 0.0144298 0.00273554
0.216728 0.0158597 0.00272111
0.216957 0.0190225 0.002741
0.217185 0.0190307 0.00274495
0.217413 0.0190981 0.00272455
0.217642 0.0159988 0.00273392
0.21787 0.0178075 0.00273213
0.218098 0.0224822 0.00272279
0.218327 0.0192663 0.00273667
0.218555 0.0195601 0.00271112
0.218784 0.0164472 0.00273267
0.219012 0.016244 0.00272575
0.21924 0.0152192 0.00270692
0.219469 0.0151535 0.00271976
0.219697 0.0129481 0.00270997
0.219926 0.0133003 0.00271835
0.220154 0.0139858 0.00271534
0.220382 0.0124207 0.0027012
0.220611 0.0160464 0.00270648
0.220839 0.0177119 0.00271456
0.221067 0.0206992 0.0027002
0.221296 0.0179804 0.00270894
0.221524 0.0179607 0.002695
0.221753 0.0137036 0.00270558
0.221981 0.0137729 0.0027072
0.222209 0.019636 0.00268863
0.222438 0.0198442 0.00269438
0.222666 0.0183597 0.00268711
0.222895 0.0156565 0.00269281
0.223123 0.0161553 0.00269829
0.223351 0.0172243 0.00266348
0.22358 0.0155568 0.00267811
0.223808 0.0164407 0.00268739
0.224036 0.0193747 0.00266136
0.224265 0.0132864 0.00267617
0.224493 0.0131568 0.00264278
0.224722 0.0168004 0.00267058
0.22495 0.0153978 0.00266032
0.225178 0.0147752 0.00264258
0.225407 0.0178245 0.00265467
0.225635 0.0196367 0.00263506
0.225864 0.0196849 0.00265507
0.226092 0.0189997 0.00264051
0.22632 0.0176604 0.00263289
0.226549 0.0140319 0.00264474
0.226777 0.0121685 0.00264305
0.227005 0.0169466 0.00264022
0.227234 0.0203551 0.00264144
0.227462 0.0209367 0.00263595
0.227691 0.0194278 0.00265001
0.227919 0.0187468 0.00263283
0.228147 0.0170028 0.00263059
0.228376 0.0161663 0.00262818
0.228604 0.0189754 0.00264769
0.228832 0.0187002 0.00262659
0.229061 0.0185158 0.00263803
0.229289 0.0203518 0.0026244
0.229518 0.0145165 0.00263133
0.229746 0.0157373 0.00264082
0.229974 0.0179882 0.00261935
0.230203 0.0210797 0.0026338
0.230431 0.0172176 0.00262973
0.23066 0.0139764 0.00262586
0.230888 0.0152221 0.00263847
0.231116 0.014724 0.00260812
0.231345 0.0144106 0.00263254
0.231573 0.0149887 0.00263879
0.231801 0.0150721 0.00261766
0.23203 0.0141866 0.00263023
0.232258 0.0143878 0.00260663
0.232487 0.0143865 0.00263705
0.232715 0.0186313 0.00262942
0.232943 0.0161695 0.0026162
0.233172 0.0144095 0.00262865
0.2334 0.0129268 0.00260396
0.233629 0.0132252 0.0026302
0.233857 0.0153655 0.00262127
0.234085 0.0162849 0.00261192
0.234314 0.0135516 0.00262964
0.234542 0.0100133 0.00261552
0.23477 0.0123829 0.00261267
0.234999 0.0115682 0.00260671
0.235227 0.0109941 0.00260893
0.235456 0.0130477 0.00262212
0.235684 0.0148519 0.00261269
0.235912 0.0128685 0.00260505
0.236141 0.00821857 0.00260864
0.236369 0.0102735 0.00261306
0.236598 0.0123624 0.00261115
0.236826 0.0112776 0.00260905
0.237054 0.0103606 0.00260504
0.237283 0.011008 0.00261203
0.237511 0.0151527 0.00261515
0.237739 0.0170247 0.00259488
0.237968 0.0154332 0.00260705
0.238196 0.0159918 0.00260349
0.238425 0.0148302 0.00261593
0.238653 0.0169156 0.0026124
0.238881 0.0147652 0.00258867
0.23911 0.0154697 0.00260282
0.239338 0.0120614 0.00259914
0.239566 0.00989013 0.00259658
0.239795 0.0113862 0.00260416
0.240023 0.015238 0.0025914
0.240252 0.0177116 0.00260748
0.24048 0.0130811 0.00259302
0.240708 0.013544 0.00259137
0.240937 0.0152245 0.00260522
0.241165 0.0151056 0.00259267
0.241394 0.015008 0.00260618
0.241622 0.0131983 0.00259305
0.24185 0.0125906 0.00257896
0.242079 0.0151991 0.00259389
0.242307 0.0138897 0.00260382
0.242535 0.0150979 0.00259211
0.242764 0.0159286 0.00258936
0.242992 0.0151575 0.002586
0.243221 0.0109603 0.00258697
0.243449 0.0104971 0.00259931
0.243677 0.00891433 0.00257941
0.243906 0.0110798 0.00259545
0.244134 0.0137264 0.00258662
0.244363 0.0122568 0.00257784
0.244591 0.00908914 0.00258961
0.244819 0.0128024 0.00257819
0.245048 0.0160654 0.00259128
0.245276 0.0144115 0.00259227
0.245504 0.0117317 0.00257101
0.245733 0.00997132 0.00258576
0.245961 0.0109811 0.00257317
0.24619 0.0131817 0.00258953
0.246418 0.0144809 0.00258493
0.246646 0.0154163 0.00256923
0.246875 0.0140338 0.00259456
0.247103 0.01143 0.00256872
0.247332 0.0111514 0.00258104
0.24756 0.0109265 0.00257763
0.247788 0.00873695 0.00256893
0.248017 0.0128075 0.00258997
0.248245 0.0118122 0.00256878
0.248473 0.0117301 0.00257315
0.248702 0.0103825 0.00257562
0.24893 0.00938899 0.00256593
0.249159 0.00673256 0.00258234
0.249387 0.0095488 0.00257098
0.249615 0.0125631 0.00257297
0.249844 0.0162303 0.00257461
0.250072 0.0158956 0.00257005
0.250301 0.0169701 0.00257366
0.250529 0.012598 0.00256488
0.250757 0.00943019 0.0025736
0.250986 0.00789771 0.00257019
0.251214 0.0130759 0.0025774
0.251442 0.012064 0.00255942
0.251671 0.0102926 0.00256951
0.251899 0.00916875 0.00256964
0.252128 0.00593281 0.00256184
0.252356 0.00889484 0.00256876
0.252584 0.0156325 0.00256141
0.252813 0.0157874 0.00257155
0.253041 0.0148218 0.00257393
0.253269 0.0118821 0.00254723
0.253498 0.00995143 0.00256969
0.253726 0.0109107 0.00255531
0.253955 0.0100058 0.00256782
0.254183 0.00797077 0.00256865
0.254411 0.00853484 0.00254551
0.25464 0.0100979 0.00256935
0.254868 0.0109592 0.00255365
0.255097 0.0104732 0.00256223
0.255325 0.00995034 0.00255816
0.255553 0.0120523 0.00255259
0.255782 0.0112036 0.00256125
0.25601 0.00948815 0.00255384
0.256238 0.00678164 0.00255071
0.256467 0.0113267 0.00255932
0.256695 0.0116934 0.00256008
0.256924 0.0117913 0.00256059
0.257152 0.0120501 0.00254908
0.25738 0.0105279 0.00255139
0.257609 0.0126035 0.00255714
0.257837 0.00748587 0.00255129
0.258066 0.00753561 0.00254662
0.258294 0.0103682 0.00254972
0.258522 0.0124814 0.00254547
0.258751 0.0146554 0.00255197
0.258979 0.0126896 0.00255892
0.259207 0.0119508 0.00253244
0.259436 0.0106405 0.00255691
0.259664 0.0133247 0.00255137
0.259893 0.0130188 0.00254399
0.260121 0.0132653 0.00255337
0.260349 0.0133185 0.00253382
0.260578 0.0135353 0.00255956
0.260806 0.0161187 0.00254268
0.261035 0.0142761 0.00254434
0.261263 0.0102156 0.00254948
0.261491 0.00809013 0.00253497
0.26172 0.0123976 0.00255217
0.261948 0.0107682 0.00253792
0.262176 0.0109935 0.00253153
0.262405 0.0117052 0.00254666
0.262633 0.0104497 0.00253607
0.262862 0.00990241 0.00254383
0.26309 0.0111573 0.00253057
0.263318 0.00899956 0.0025342
0.263547 0.00682088 0.00254394
0.263775 0.00975448 0.00253935
0.264003 0.00971413 0.00253607
0.264232 0.00812609 0.00253566
0.26446 0.00872479 0.00253404
0.264689 0.00944363 0.00253465
0.264917 0.00745171 0.00253324
0.265145 0.00601368 0.00252987
0.265374 0.00572121 0.00253953
0.265602 0.00713134 0.0025382
0.265831 0.00699225 0.00252407
0.266059 0.00798859 0.00253504
0.266287 0.00962962 0.00253307
0.266516 0.00464659 0.00253756
0.266744 0.00508043 0.00253475
0.266972 0.00908146 0.00250956
0.267201 0.0114536 0.00253535
0.267429 0.0139326 0.0025304
0.267658 0.0099634 0.00253185
0.267886 0.007784 0.00252665
0.268114 0.0106823 0.00251903
0.268343 0.0111657 0.00254283
0.268571 0.0101694 0.00251895
0.2688 0.00847598 0.00252718
0.269028 0.00897822 0.00252911
0.269256 0.00724913 0.00251641
0.269485 0.00746786 0.00254038
0.269713 0.00886778 0.00251772
0.269941 0.00927947 0.00251637
0.27017 0.0118952 0.00253091
0.270398 0.0103762 0.00251891
0.270627 0.00793816 0.0025312
0.270855 0.00800954 0.00251829
0.271083 0.00519404 0.00251922
0.271312 0.00913006 0.00252685
0.27154 0.00992115 0.00251922
0.271769 0.00623079 0.00252301
0.271997 0.00902279 0.00251671
0.272225 0.00975128 0.00252822
0.272454 0.00907967 0.00251741
0.272682 0.00859021 0.00252431
0.27291 0.0104221 0.00251119
0.273139 0.00943889 0.00252514
0.273367 0.00862457 0.00252412
0.273596 0.00762651 0.00251144
0.273824 0.00992405 0.00252054
0.274052 0.0046072 0.00250766
0.274281 0.00522496 0.00251875
0.274509 0.00700337 0.00251837
0.274737 0.00408848 0.0025038
0.274966 0.00745136 0.00253279
0.275194 0.00666393 0.00250961
0.275423 0.00309686 0.00251818
0.275651 0.00560164 0.00250796
0.275879 0.00549146 0.00250278
0.276108 0.00471228 0.00252866
0.276336 0.00566564 0.00250144
0.276565 0.00871273 0.00251073
0.276793 0.00942882 0.00251392
0.277021 0.00856635 0.00250107
0.27725 0.00848745 0.00252324
0.277478 0.00913315 0.00250509
0.277706 0.00848141 0.00250872
0.277935 0.0107879 0.00251409
0.278163 0.0120901 0.00250625
0.278392 0.0116659 0.00251423
0.27862 0.00838114 0.00250384
0.278848 0.00904547 0.00250869
0.279077 0.00912853 0.0025128
0.279305 0.00788128 0.00250546
0.279534 0.00837665 0.00250867
0.279762 0.0107601 0.00250472
0.27999 0.0111745 0.00251289
0.280219 0.00899815 0.00250722
0.280447 0.00520502 0.00251193
0.280675 0.00920405 0.00249784
0.280904 0.0107712 0.0025164
0.281132 0.00766042 0.00250598
0.281361 0.00958091 0.00250486
0.281589 0.00916651 0.00251585
0.281817 0.00696013 0.00249968
0.282046 0.00687678 0.00251471
0.282274 0.00633843 0.00250038
0.282503 0.00486036 0.00250378
0.282731 0.00629823 0.00251228
0.282959 0.00874988 0.00249582
0.283188 0.00468038 0.00250858
0.283416 0.00548309 0.00250077
0.283644 0.00610642 0.00249313
0.283873 0.00488902 0.00251098
0.284101 0.00302737 0.00248746
0.28433 0.00375819 0.00250142
0.284558 0.00575363 0.00250319
0.284786 0.00348587 0.00250237
0.285015 0.00725499 0.00250496
0.285243 0.00861619 0.00248923
0.285472 0.00894131 0.00250128
0.2857 0.0124923 0.0025
0.285928 0.00856855 0.00249879
0.286157 0.00173932 0.00249327
0.286385 0.00119191 0.00249986
0.286613 0.00395572 0.00249393
0.286842 0.00564485 0.00250134
0.28707 0.00631059 0.00249289
0.287299 0.00846605 0.00249334
0.287527 0.00868596 0.00249997
0.287755 0.00955694 0.00249435
0.287984 0.00773972 0.00249316
0.288212 0.00574194 0.00250196
0.28844 0.00313935 0.00248347
0.288669 0.00169857 0.00250309
0.288897 0.00602557 0.00248927
0.289126 0.00668118 0.00248733
0.289354 0.00483362 0.00250422
0.289582 0.00453456 0.00247865
0.289811 0.00247808 0.00250433
0.290039 0.00106543 0.00247581
0.290268 0.00234757 0.00249444
0.290496 0.00330711 0.00250107
0.290724 0.00693437 0.00248223
0.290953 0.00876956 0.00249556
0.291181 0.00910574 0.00248482
0.291409 0.00540775 0.00248975
0.291638 0.00423256 0.00250366
0.291866 0.00822421 0.00248124
0.292095 0.00976706 0.00249394
0.292323 0.00751152 0.00248226
0.292551 0.00721829 0.00248485
0.29278 0.00711496 0.00249274
0.293008 0.00862986 0.00247536
0.293237 0.00505876 0.00249625
0.293465 0.00593235 0.00248868
0.293693 0.0085794 0.00248577
0.293922 0.00798841 0.00248403
0.29415 0.00546089 0.00249128
0.294378 0.00658952 0.00248728
0.294607 0.00426444 0.00248677
0.294835 0.00552711 0.00248182
0.295064 0.00784071 0.00247797
0.295292 0.00604542 0.00249427
0.29552 0.00404264 0.00248392
0.295749 0.00419545 0.00248421
0.295977 0.00682111 0.00248301
0.296206 0.00606747 0.00247919
0.296434 0.00778922 0.00248981
0.296662 0.00629475 0.00247556
0.296891 0.00551484 0.00247701
0.297119 0.00773704 0.0024858
0.297347 0.005652 0.00247712
0.297576 0.00169802 0.00249372
0.297804 0.00293584 0.00247225
0.298033 0.00642223 0.00247836
0.298261 0.00649984 0.00248103
0.298489 0.00612012 0.00247188
0.298718 0.00509319 0.00248673
0.298946 0.00157897 0.00247845
0.299174 0.00188998 0.00247219
0.299403 0.00586661 0.00248244
0.299631 0.00828416 0.00246776
0.29986 0.00665366 0.00247895
0.300088 0.00540165 0.00248396
0.300316 0.00740104 0.00247417
0.300545 0.00833697 0.00247636
0.300773 0.0042306 0.00246925
0.301002 0.000708599 0.00247876
0.30123 0.00330571 0.00248263
0.301458 0.00846101 0.00247869
0.301687 0.00752193 0.00246649
0.301915 0.00884961 0.00248627
0.302143 0.00745236 0.00247145
0.302372 0.00395939 0.00247463
0.3026 0.00134924 0.00247129
0.303057 0.00324801 0.00248206
0.303285 0.00984686 0.00246784
0.303514 0.00892174 0.00247774
0.303742 0.00837856 0.00246686
0.303971 0.00901056 0.00247427
0.304199 0.00952455 0.00248801
0.304427 0.00459767 0.00245785
0.304656 0.00368467 0.00246964
0.304884 0.00163124 0.00247892
0.305112 0.00414066 0.00246239
0.305341 0.00612856 0.00248366
0.305569 0.0100367 0.00245746
0.305798 0.00801723 0.00247498
0.306026 0.00766842 0.00247756
0.306254 0.00706358 0.00246551
0.306483 0.00241683 0.00247091
0.306711 0.00173499 0.00245437
0.307168 0.00467422 0.00247441
0.307396 0.00337077 0.00246579
0.307625 0.00500137 0.00246718
0.307853 0.00328512 0.00246225
0.308081 0.00233927 0.002463
0.30831 0.00588424 0.00246789
0.308538 0.00891489 0.00246109
0.308767 0.00868697 0.00247187
0.308995 0.00762237 0.00246702
0.309223 0.00594493 0.00245985
0.309452 0.00791052 0.00246393
0.30968 0.00975203 0.00246399
0.309909 0.00523494 0.00246722
0.310137 0.00213594 0.00247181
0.310365 0.00293311 0.00245615
0.310594 0.00475736 0.00246419
0.310822 0.00277941 0.00247384
0.31105 0.00216615 0.00245547
0.311279 0.0018206 0.00246862
0.311507 0.002955 0.00245353
0.311736 0.00609204 0.00246657
0.311964 0.00726869 0.00247593
0.312192 0.00926357 0.00244693
0.312421 0.00916144 0.00246767
0.312649 0.00550698 0.00246733
0.312877 0.00115329 0.002457
0.313106 0.00228333 0.00246985
0.313334 0.00311308 0.002445
0.313563 0.00175868 0.00246458
0.313791 0.00668789 0.00245975
0.314019 0.00939304 0.00246564
0.314248 0.00558561 0.00246725
0.314476 0.00444934 0.00244807
0.314705 0.00525798 0.00246716
0.314933 0.00476835 0.00245483
0.315161 0.00472709 0.00245031
0.31539 0.00181662 0.00245801
0.315618 0.000437821 0.00245875
0.315846 0.00465571 0.00246191
0.316075 0.00503022 0.00245676
0.316303 0.00631456 0.00245636
0.316532 0.00119609 0.00245364
0.31676 0.00304934 0.00246251
0.316988 0.00711792 0.00245777
0.317217 0.00787113 0.00245871
0.317445 0.00569081 0.00246088
0.317674 0.00224128 0.00245522
0.317902 0.00104986 0.00246227
0.31813 0.00283822 0.00245033
0.318359 0.00553398 0.00245142
0.318587 0.00740539 0.00246876
0.318815 0.00640887 0.00244187
0.319044 0.00286864 0.00245868
0.319272 0.00145041 0.00244142
0.319501 0.00212509 0.00245635
0.319729 0.00796204 0.00246508
0.319957 0.00562924 0.00244441
0.320186 0.00555149 0.00246023
0.320414 0.00578422 0.00244212
0.320643 0.00701218 0.00245264
0.320871 0.0046322 0.00245791
0.321099 0.00649801 0.00243876
0.321328 0.00872413 0.00245997
0.321556 0.00816047 0.00245328
0.321784 0.0091702 0.00244912
0.322013 0.00594194 0.00245245
0.322241 0.00373847 0.00243996
0.32247 0.00210884 0.00245495
0.322698 0.00364221 0.00245251
0.322926 0.00326187 0.00244553
0.323155 0.00171533 0.00244882
0.323383 0.00604391 0.00245452
0.323611 0.00904995 0.00245216
0.32384 0.00876937 0.00245298
0.324068 0.00653207 0.00244619
0.324297 0.00559103 0.00244812
0.324525 0.00832363 0.00245535
0.324753 0.00943111 0.00244606
0.324982 0.00600414 0.00244775
0.32521 0.00433191 0.00244426
0.325439 0.00386828 0.00244508
0.325667 0.0044332 0.00246091
0.325895 0.00789041 0.00243574
0.326124 0.00906697 0.00245048
0.326352 0.00776433 0.00245308
0.32658 0.00580967 0.00244201
0.326809 0.00478448 0.00245268
0.327037 0.00598465 0.00243168
0.327266 0.0072196 0.00245461
0.327494 0.00661863 0.00244962
0.327722 0.00727857 0.00243346
0.327951 0.00575152 0.00245425
0.328179 0.00762565 0.00243391
0.328408 0.00720155 0.00245299
0.328636 0.00812329 0.00244689
0.328864 0.00638394 0.00243576
0.329093 0.00648175 0.00244843
0.329321 0.00729533 0.00244017
0.329549 0.00737187 0.00244199
0.329778 0.00750325 0.00244089
0.330006 0.00638014 0.00244157
0.330235 0.00293216 0.00244914
0.330463 0.00180146 0.00244355
0.330691 0.00483135 0.00243784
0.33092 0.00574791 0.00244007
0.331148 0.00441713 0.00244864
0.331377 0.00548379 0.00245144
0.331605 0.00519218 0.00243792
0.331833 0.00552559 0.00243028
0.332062 0.0103504 0.00243942
0.33229 0.00664617 0.00245381
0.332518 0.00577637 0.00243441
0.332747 0.00776169 0.00244767
0.332975 0.0096846 0.00244383
0.333204 0.00813267 0.00244288
0.333432 0.00682545 0.00244933
0.33366 0.00587783 0.00242763
0.333889 0.00246539 0.00245156
0.334117 0.00248768 0.00244385
0.334346 0.00340985 0.00243994
0.334574 0.00187797 0.00245112
0.334802 0.00675161 0.00242608
0.335031 0.00568429 0.00245447
0.335259 0.00201785 0.00244445
0.335487 0.00482747 0.00243186
0.335716 0.00190086 0.0024486
0.335944 9.89493e-05 0.00242976
0.336629 0.00556284 0.00243804
0.336858 0.00677087 0.00245136
0.337086 0.00882896 0.00244772
0.337314 0.00773897 0.00244749
0.337543 0.00506108 0.00243762
0.337771 0.00254393 0.00243846
0.338 0.00306212 0.00245081
0.338228 0.00371461 0.00244589
0.338456 0.00397931 0.00244358
0.338685 0.00392435 0.00244457
0.338913 0.000887542 0.0024418
0.339142 0.000121774 0.00244288
0.33937 0.00109225 0.00244386
0.339598 0.00321518 0.00244342
0.339827 0.00737995 0.00245124
0.340055 0.00586664 0.00245464
0.340283 0.00330462 0.00243045
0.340512 0.00440388 0.00245159
0.34074 0.00601538 0.00244156
0.340969 0.00680891 0.00244804
0.341197 0.00334733 0.00245399
0.341425 0.002631 0.00242999
0.341654 0.00205507 0.00245012
0.341882 0.00431816 0.00243601
0.342111 0.00373929 0.0024508
0.342339 0.00451472 0.00245076
0.342567 0.00284326 0.00243918
0.342796 0.000305971 0.00245434
0.343024 0.00182213 0.00244172
0.343252 0.00272381 0.0024354
0.343481 0.00392273 0.00244944
0.343709 0.000452916 0.00244039
0.343938 0.00198112 0.00245475
0.344166 0.000382146 0.00244242
0.344394 0.000806837 0.00244302
0.344623 0.00317031 0.00244943
0.344851 0.00466833 0.00244218
0.34508 0.00595641 0.00244911
0.345308 0.00707688 0.00244452
0.345536 0.00568864 0.00244739
0.345765 0.00633764 0.00244715
0.345993 0.0021966 0.00245118
0.346221 0.00346027 0.00243673
0.34645 0.00160884 0.00244726
0.346678 0.00158287 0.00245051
0.346907 0.00334535 0.00244274
0.347135 0.00509519 0.0024512
0.347363 0.00409992 0.00243968
0.347592 0.00381318 0.00244951
0.34782 0.000556264 0.00245843
0.348277 0.00103413 0.00245551
0.348505 0.00271818 0.00243772
0.348734 0.00538854 0.00245309
0.348962 0.00260155 0.00245497
0.34919 0.00166816 0.00243402
0.349419 0.00405021 0.00246585
0.349647 0.00710815 0.00244459
0.349876 0.00542105 0.00245946
0.350104 0.00674255 0.00245221
0.350332 0.00861351 0.00243452
0.350561 0.00643213 0.00246229
0.350789 0.00380805 0.00244842
0.351017 0.00630072 0.00244756
0.351246 0.00765833 0.00245671
0.351474 0.00580034 0.00244654
0.351703 0.00256238 0.00245974
0.351931 0.00103424 0.00245116
0.352159 0.00348859 0.00244771
0.352388 0.00637981 0.00245335
0.352616 0.00454608 0.00244906
0.352845 0.00288181 0.00245878
0.353073 0.00429473 0.00244813
0.353301 0.00609529 0.0024538
0.35353 0.00346321 0.00245264
0.353758 0.00311057 0.00245842
0.353986 0.00305552 0.00244584
0.354215 0.0038438 0.00245782
0.354443 0.00350592 0.00244902
0.354672 0.000842614 0.00244948
0.3549 0.000401226 0.00245655
0.355128 0.00217661 0.00245151
0.355357 0.000830934 0.00246557
0.355585 0.00250121 0.00245117
0.355814 0.00533792 0.0024472
0.356042 0.00541896 0.00245865
0.35627 0.00435672 0.00245058
0.356499 0.00268123 0.00246633
0.356727 0.00313159 0.00246663
0.356955 0.0015478 0.00243902
0.357184 0.00450881 0.00246573
0.357412 0.00433635 0.00245154
0.357641 0.00251977 0.00246111
0.357869 0.00507989 0.00245961
0.358097 0.00532825 0.00245405
0.358326 0.00557022 0.00247173
0.358554 0.00677601 0.00245239
0.358783 0.00640694 0.00246408
0.359011 0.00660159 0.00246396
0.359239 0.00450812 0.00245582
0.359468 0.00405794 0.00247034
0.359696 0.000872047 0.00245064
0.359924 0.000366399 0.00245281
0.360381 0.00111977 0.00246443
0.36061 0.00564929 0.00246624
0.360838 0.00195927 0.00246261
0.361066 0.00104765 0.00246487
0.361295 0.00309491 0.00246222
0.361523 0.00390555 0.00246868
0.361751 0.00451379 0.00245336
0.36198 0.00140727 0.00247103
0.362208 0.0040608 0.00246925
0.362437 0.00739076 0.00246905
0.362665 0.00756335 0.0024704
0.362893 0.00781091 0.00245457
0.363122 0.00703302 0.00247754
0.36335 0.00709687 0.00246431
0.363579 0.00757874 0.00246385
0.363807 0.00555092 0.00247339
0.364035 0.0032784 0.00245572
0.364492 0.000666105 0.00246762
0.36472 0.00468677 0.00245949
0.364949 0.00428157 0.00247996
0.365177 0.00294087 0.00246652
0.365406 0.00297773 0.00247007
0.365634 0.0052654 0.00247031
0.365862 0.00432815 0.00246758
0.366091 0.00190767 0.00248098
0.366319 0.000331396 0.00246347
0.366548 0.000399383 0.00246708
0.367004 0.00221113 0.00246535
0.367233 0.00116079 0.00247573
0.367461 0.000217075 0.00247302
0.367689 0.00316252 0.00246765
0.367918 0.000846735 0.00248335
0.368146 0.00170209 0.00247073
0.368375 0.00243215 0.00247478
0.368603 0.00293922 0.00247088
0.368831 0.00513967 0.00247043
0.36906 0.00221889 0.00248472
0.369288 4.89857e-05 0.00246673
0.369517 0.00207374 0.00247669
0.369745 0.00197743 0.00247918
0.369973 0.00233372 0.00247256
0.370202 0.00471992 0.00248169
0.37043 0.00665739 0.00248101
0.370658 0.00647752 0.00247312
0.370887 0.00236538 0.00249137
0.371344 0.000279889 0.00248047
0.371572 0.00144266 0.00248265
0.3718 0.00465432 0.00247997
0.372029 0.00495283 0.00249235
0.372257 0.00281218 0.00248369
0.372485 0.00352676 0.00247603
0.372714 0.00450048 0.00248295
0.372942 0.000746994 0.00248114
0.373399 0.00106624 0.00248284
0.373627 0.00347462 0.0024832
0.373856 0.00500788 0.00249477
0.374084 0.004667 0.00247436
0.374313 0.00339576 0.00248702
0.374541 0.000953636 0.00249006
0.374769 0.00157318 0.00248808
0.374998 0.000813839 0.00248835
0.375226 0.00359115 0.00248638
0.375454 0.00320967 0.00248299
0.375683 0.00155815 0.00249635
0.375911 0.0050744 0.00249157
0.37614 0.00604191 0.00249165
0.376368 0.00492551 0.00249252
0.376596 0.00300367 0.00248763
0.376825 0.00343847 0.00250571
0.377053 0.000651136 0.00249018
0.377282 0.000344208 0.00249622
0.37751 0.00121116 0.00250054
0.378423 0.000431169 0.00249001
0.378652 0.00212013 0.00250712
0.37888 0.00174839 0.00249867
0.379109 0.00354828 0.00250114
0.379337 0.00562239 0.00250464
0.379565 0.00161779 0.00249638
0.380022 0.00244696 0.00249354
0.380251 0.00379063 0.00250468
0.380479 0.00495613 0.00251027
0.380707 0.00661939 0.00250455
0.380936 0.00306484 0.00250572
0.381164 0.000976862 0.0025084
0.381392 0.000399445 0.00250182
0.381849 0.00362631 0.00250234
0.382078 0.00544274 0.00250934
0.382306 0.00583443 0.00251279
0.382534 0.00316312 0.00251036
0.382763 0.00103308 0.00251457
0.382991 0.00372801 0.00250552
0.38322 0.00515951 0.00251609
0.383448 0.00686111 0.00251915
0.383676 0.00385473 0.00251055
0.383905 0.00215754 0.00251428
0.384133 0.00137665 0.00251477
0.384361 0.000577207 0.0025132
0.38459 0.00134679 0.00252193
0.385047 0.000535177 0.00251459
0.385275 0.00195599 0.00252112
0.385503 0.000180174 0.00251532
0.38596 0.00334998 0.00252193
0.386188 0.00598623 0.00251917
0.386417 0.00690571 0.00253052
0.386645 0.00260434 0.00252074
0.386874 0.00212133 0.00252485
0.387102 0.00268461 0.00252735
0.38733 0.00103854 0.00251988
0.387559 0.00135174 0.00253178
0.387787 0.00385043 0.00252495
0.388016 0.00271563 0.00253094
0.388244 0.00466899 0.00253341
0.388472 0.00270125 0.00252935
0.389157 0.00311367 0.00252643
0.389386 0.00163489 0.00253734
0.389614 0.00142548 0.00252576
0.389843 0.000449824 0.00253364
0.390299 0.00111328 0.00253459
0.390528 4.88471e-05 0.00254125
0.392355 0.00100513 0.00255345
0.392583 0.00313628 0.00253976
0.392812 0.00644793 0.00254885
0.39304 0.00549002 0.00255533
0.393268 0.00841481 0.002554
0.393497 0.00477275 0.0025576
0.393725 0.00479685 0.00254336
0.393954 0.0018408 0.00255772
0.394182 0.00169242 0.00255735
0.39441 0.000991465 0.00254805
0.394867 0.00228691 0.00255878
0.395095 0.00183977 0.00255564
0.395324 0.00568291 0.00257035
0.395552 0.00498685 0.00255817
0.395781 0.00422053 0.00256646
0.396009 0.00121789 0.00257328
0.396694 0.000196319 0.00256544
0.398064 0.00143212 0.00257047
0.398293 0.00521527 0.00258268
0.398521 0.00211658 0.00257068
0.39875 0.00336446 0.00258466
0.398978 0.00396951 0.00258902
0.399206 0.00613443 0.00257489
0.399435 0.00354192 0.00257748
0.399663 0.00400271 0.00258952
0.399891 0.00261886 0.00258385
0.40012 0.00224606 0.00258986
0.400577 0.00145884 0.00258762
0.400805 0.00147839 0.00259094
0.401033 0.00114792 0.00258501
0.401262 0.0021398 0.00259514
0.40149 0.00252332 0.00258589
0.401719 0.00495081 0.00259774
0.401947 0.00484102 0.00259875
0.402175 0.00143997 0.00258039
0.402404 0.00234266 0.00259281
0.402632 0.00675479 0.00260817
0.40286 0.00579233 0.00259907
0.404459 0.000890313 0.00260174
0.404688 0.00271663 0.00261406
0.404916 0.00320578 0.00261691
0.405144 0.000635485 0.00259647
0.405373 0.0040246 0.00260933
0.405601 0.00713435 0.00261849
0.405829 0.00662379 0.00261546
0.406058 0.00473367 0.00262186
0.406286 0.00225771 0.00260427
0.406515 0.00265716 0.00261836
0.407428 4.39793e-06 0.00261325
0.409484 0.001214 0.00264068
0.410397 0.00137897 0.00264771
0.411767 0.00146908 0.00264715
0.411996 0.00151534 0.00265654
0.412224 0.00446196 0.00265531
0.412453 0.00587597 0.00267295
0.412681 0.00390735 0.00267326
0.412909 0.00238441 0.00265797
0.413138 0.0041198 0.00267007
0.415193 0.00488027 0.00268143
0.415422 0.00693872 0.00270049
0.41565 0.00725717 0.00270441
0.415878 0.00858851 0.00268815
0.416107 0.00569081 0.00270029
0.416335 0.0101052 0.00270429
0.416563 0.00880724 0.00269885
0.416792 0.00296148 0.00270354
0.417249 0.000453173 0.00270952
0.417477 0.0002432 0.00271186
0.418391 0.00247115 0.00272576
0.418619 0.00250316 0.00272066
0.418847 0.00491707 0.00270182
0.419532 0.0026996 0.00271634
0.419761 0.00119387 0.00272661
0.419989 0.00244976 0.00272696
0.420218 0.0022312 0.00273249
0.420903 0.00104508 0.00273304
0.42273 0.000826366 0.00275202
0.422958 0.000989648 0.00275225
0.423187 0.00174199 0.00276002
0.423415 7.11182e-05 0.00275559
0.423643 0.00323856 0.00274558
0.423872 0.00159413 0.00276361
0.4241 8.35376e-05 0.00276782
0.426156 0.000759706 0.00278455
0.426384 0.00463573 0.0027904
0.426612 0.00371202 0.00278062
0.426841 0.000462404 0.00279514
0.427069 0.000922868 0.00280867
0.428439 0.00286572 0.00280088
0.430952 0.00201103 0.00286963
0.43118 0.00107116 0.00287831
0.431408 0.00248742 0.00286456
0.431637 0.00146669 0.00288216
0.432322 0.00109396 0.00289341
0.43255 0.000604345 0.00289283
