0.0148375 0.649554 0.0301876
0.0150658 0.618481 0.0286242
0.0152942 0.572258 0.0276753
0.0155226 0.589148 0.0259746
0.015751 0.59843 0.0254556
0.0159794 0.593218 0.0244214
0.0162077 0.58416 0.0228916
0.0164361 0.558911 0.0217856
0.0166645 0.533974 0.0204864
0.0168929 0.530018 0.019938
0.0171213 0.555583 0.0189483
0.0173497 0.543658 0.0180836
0.017578 0.539596 0.0173923
0.0178064 0.527411 0.016622
0.0180348 0.495733 0.0158719
0.0182632 0.508361 0.0151958
0.0184916 0.511593 0.015005
0.01872 0.518081 0.0143027
0.0189483 0.515409 0.0137854
0.0191767 0.500659 0.0133779
0.0194051 0.486981 0.0128237
0.0196335 0.477714 0.0127331
0.0198619 0.483018 0.012032
0.0200903 0.491412 0.0117009
0.0203186 0.465261 0.0113257
0.020547 0.455272 0.0110474
0.0207754 0.447024 0.0109264
0.0210038 0.444002 0.0104168
0.0212322 0.458006 0.010203
0.0214606 0.440933 0.00957616
0.0216889 0.427499 0.0091427
0.0219173 0.426167 0.00891828
0.0221457 0.417456 0.00839801
0.0223741 0.418251 0.00828603
0.0226025 0.420242 0.00793419
0.0228309 0.416418 0.0077096
0.0230592 0.407193 0.00747566
0.0232876 0.397714 0.0070432
0.023516 0.400451 0.00688181
0.0237444 0.403999 0.00655307
0.0239728 0.398092 0.00637468
0.0242012 0.386694 0.00620281
0.0244295 0.380408 0.00607337
0.0246579 0.390751 0.00600012
0.0248863 0.379386 0.00582254
0.0251147 0.371414 0.00574389
0.0253431 0.369651 0.00562433
0.0255715 0.362848 0.00553109
0.0257998 0.361546 0.00547491
0.0260282 0.353261 0.00534752
0.0262566 0.347168 0.00531666
0.026485 0.342758 0.00518456
0.0267134 0.3445 0.00512406
0.0269418 0.340173 0.00507033
0.0271701 0.334906 0.00498554
0.0273985 0.324818 0.0049505
0.0276269 0.327268 0.00481693
0.0278553 0.323617 0.00479358
0.0280837 0.319293 0.0047528
0.0283121 0.319299 0.00469493
0.0285404 0.322343 0.00466676
0.0287688 0.325229 0.00454144
0.0289972 0.319226 0.0045363
0.0292256 0.308666 0.00447189
0.029454 0.302959 0.00441774
0.0296824 0.299261 0.00436841
0.0299107 0.300883 0.00428391
0.0301391 0.297154 0.00429443
0.0303675 0.290998 0.00421577
0.0305959 0.284337 0.00418692
0.0308243 0.280217 0.00414492
0.0310527 0.273508 0.00409571
0.031281 0.271901 0.00406583
0.0315094 0.271641 0.00400472
0.0317378 0.271388 0.00397849
0.0319662 0.270106 0.00393263
0.0321946 0.262739 0.00389868
0.032423 0.254752 0.00387008
0.0326513 0.255673 0.00381378
0.0328797 0.254513 0.00380176
0.0331081 0.251388 0.00375111
0.0333365 0.249238 0.00372797
0.0335649 0.238397 0.00367348
0.0337933 0.235159 0.00365372
0.0340216 0.2331 0.00363116
0.03425 0.237362 0.00359056
0.0344784 0.23953 0.00358579
0.0347068 0.231473 0.00353306
0.0349352 0.233173 0.00350529
0.0351636 0.230073 0.00346338
0.0353919 0.226988 0.00342441
0.0356203 0.223291 0.00342113
0.0358487 0.219808 0.00338827
0.0360771 0.222542 0.00337047
0.0363055 0.227152 0.00334093
0.0365339 0.216421 0.00330816
0.0367622 0.218196 0.00329662
0.0369906 0.214934 0.00325697
0.037219 0.209182 0.00325638
0.0374474 0.203649 0.00320251
0.0376758 0.20456 0.00318849
0.0379042 0.199828 0.00320221
0.0381325 0.196338 0.00313633
0.0383609 0.201366 0.00313642
0.0385893 0.200619 0.00310493
0.0388177 0.195758 0.00309788
0.0390461 0.192319 0.00307877
0.0392744 0.189134 0.00303508
0.0395028 0.190442 0.00304887
0.0397312 0.191468 0.0030143
0.0399596 0.191006 0.0030145
0.040188 0.184948 0.00297543
0.0404164 0.182173 0.00294666
0.0406447 0.183447 0.00294949
0.0408731 0.181756 0.0029146
0.0411015 0.181671 0.00292096
0.0413299 0.18304 0.00288781
0.0415583 0.178703 0.00288113
0.0417867 0.173388 0.00287574
0.042015 0.166141 0.00282952
0.0422434 0.163841 0.00283662
0.0424718 0.163291 0.00280413
0.0427002 0.158284 0.00280847
0.0429286 0.162113 0.00278538
0.043157 0.162607 0.00275646
0.0433853 0.159681 0.00276511
0.0436137 0.159192 0.00274148
0.0438421 0.156642 0.00273688
0.0440705 0.15598 0.00270837
0.0442989 0.157057 0.0026925
0.0445273 0.156884 0.00270214
0.0447556 0.156534 0.00267773
0.044984 0.154689 0.0026737
0.0452124 0.150974 0.00264456
0.0454408 0.148406 0.00263159
0.0456692 0.146081 0.00263199
0.0458976 0.142791 0.0025992
0.0461259 0.140648 0.00259679
0.0463543 0.141837 0.00257539
0.0465827 0.140209 0.00258161
0.0468111 0.138543 0.00256446
0.0470395 0.139574 0.00254338
0.0472679 0.136591 0.00255027
0.0474962 0.136901 0.00253077
0.0477246 0.133819 0.0025302
0.047953 0.134231 0.00251661
0.0481814 0.13252 0.00251768
0.0484098 0.129139 0.00255181
0.0486382 0.133079 0.00254662
0.0488665 0.13077 0.00255224
0.0490949 0.130857 0.00253736
0.0493233 0.127162 0.0025418
0.0495517 0.122408 0.00254778
0.0497801 0.125217 0.00254474
0.0500085 0.127783 0.00254718
0.0502368 0.126434 0.00253104
0.0504652 0.124408 0.00253642
0.0506936 0.124197 0.00252912
0.050922 0.12175 0.00252764
0.0511504 0.118331 0.00253209
0.0513788 0.115699 0.00251461
0.0516071 0.120411 0.00251694
0.0518355 0.118588 0.002504
0.0520639 0.118308 0.00250102
0.0522923 0.114464 0.00250397
0.0525207 0.112366 0.00249451
0.0527491 0.10798 0.00250049
0.0529774 0.1106 0.00247632
0.0532058 0.11126 0.00249129
0.0534342 0.111883 0.00248618
0.0536626 0.113843 0.00247541
0.053891 0.110445 0.00247444
0.0541194 0.107599 0.00246758
0.0543477 0.106942 0.0024752
0.0545761 0.104397 0.00245639
0.0548045 0.106619 0.00245197
0.0550329 0.106769 0.00244553
0.0552613 0.105366 0.00243648
0.0554897 0.0997367 0.00244681
0.055718 0.0994693 0.0024275
0.0559464 0.098067 0.00242947
0.0561748 0.0989993 0.00242298
0.0564032 0.0993579 0.002431
0.0566316 0.0984943 0.00243129
0.05686 0.0974717 0.00241318
0.0570883 0.0979323 0.00242214
0.0573167 0.0981901 0.00240131
0.0575451 0.0962398 0.00240621
0.0577735 0.0968891 0.00240488
0.0580019 0.095957 0.00238419
0.0582303 0.0984199 0.00241704
0.0584586 0.0971482 0.00239673
0.058687 0.0931589 0.00239164
0.0589154 0.0895978 0.002372
0.0591438 0.0876669 0.00236863
0.0593722 0.0872777 0.00238267
0.0596006 0.0884983 0.00236406
0.0598289 0.090099 0.00237324
0.0600573 0.0891679 0.00235579
0.0602857 0.0867491 0.00236524
0.0605141 0.0855909 0.00236633
0.0607425 0.0883496 0.00234076
0.0609709 0.0826708 0.00235592
0.0611992 0.0836551 0.00234333
0.0614276 0.0826886 0.00233984
0.061656 0.0856216 0.00235028
0.0618844 0.0872923 0.00232813
0.0621128 0.0851837 0.002346
0.0623412 0.0830266 0.00232914
0.0625695 0.0776576 0.00232798
0.0627979 0.0821122 0.00232196
0.0630263 0.0827923 0.0023237
0.0632547 0.0822414 0.00232791
0.0634831 0.0777134 0.00231103
0.0637114 0.0781301 0.00231349
0.0639398 0.0786976 0.00231438
0.0641682 0.0754969 0.00230229
0.0643966 0.0739322 0.00230718
0.064625 0.0742354 0.00227951
0.0648534 0.0789874 0.00230264
0.0650817 0.0795068 0.00229334
0.0653101 0.0777387 0.00229817
0.0655385 0.0769082 0.00229038
0.0657669 0.0770391 0.00227747
0.0659953 0.0768276 0.0022873
0.0662237 0.0741431 0.0022716
0.066452 0.0742589 0.00227217
0.0666804 0.0756519 0.00226911
0.0669088 0.0783036 0.00227066
0.0671372 0.0759474 0.00226972
0.0673656 0.0725372 0.00225082
0.067594 0.0709759 0.00226021
0.0678223 0.0690372 0.00226346
0.0680507 0.0714161 0.00225363
0.0682791 0.0703387 0.00225416
0.0685075 0.0663583 0.00223122
0.0687359 0.0683909 0.00224412
0.0689643 0.0693092 0.00224191
0.0691926 0.0678459 0.00223729
0.069421 0.0685859 0.00223759
0.0696494 0.0686408 0.00222847
0.0698778 0.0695738 0.00223434
0.0701062 0.0662252 0.00221748
0.0703346 0.0640012 0.00221752
0.0705629 0.0656834 0.00222288
0.0707913 0.0664728 0.00221192
0.0710197 0.0649812 0.00222362
0.0712481 0.0660622 0.00220176
0.0714765 0.0654118 0.00219802
0.0717049 0.0657408 0.00220733
0.0719332 0.06632 0.00219764
0.0721616 0.0653074 0.00219914
0.07239 0.0636383 0.00218829
0.0726184 0.0605721 0.00219387
0.0728468 0.0604241 0.00218477
0.0730752 0.057468 0.00218339
0.0733035 0.0614458 0.0021822
0.0735319 0.0630774 0.00217894
0.0737603 0.0628917 0.0021838
0.0739887 0.0631459 0.00216669
0.0742171 0.0624672 0.00216968
0.0744455 0.0633762 0.00215927
0.0746738 0.0609113 0.00216212
0.0749022 0.0612921 0.00216957
0.0751306 0.0631588 0.00216372
0.075359 0.0615098 0.00215882
0.0755874 0.0594818 0.00214661
0.0758158 0.0572508 0.00214873
0.0760441 0.0578413 0.00214331
0.0762725 0.0589383 0.0021408
0.0765009 0.0603958 0.00215228
0.0767293 0.0580137 0.00213931
0.0769577 0.0552756 0.00213941
0.0771861 0.0575796 0.0021287
0.0774144 0.0596424 0.00212769
0.0776428 0.0583116 0.00212716
0.0778712 0.0584093 0.00212362
0.0780996 0.0560167 0.00211967
0.078328 0.0537259 0.00211103
0.0785564 0.0535998 0.00211867
0.0787847 0.0537554 0.00211381
0.0790131 0.0544949 0.00115627
0.0792415 0.0554039 0.00114453
0.0794699 0.0549903 0.00114419
0.0796983 0.0541777 0.00114676
0.0799267 0.0535393 0.00114019
0.080155 0.0534803 0.00113648
0.0803834 0.0529751 0.00114024
0.0806118 0.054075 0.00113826
0.0808402 0.0528631 0.00113942
0.0810686 0.0519134 0.00113021
0.081297 0.0493652 0.00113079
0.0815253 0.0479012 0.0011322
0.0817537 0.0490556 0.00112844
0.0819821 0.0504938 0.00113064
0.0822105 0.0488434 0.00112426
0.0824389 0.0495087 0.00112899
0.0826673 0.0504607 0.00112211
0.0828956 0.0509677 0.00111884
0.083124 0.0497669 0.00112292
0.0833524 0.0495374 0.00111724
0.0835808 0.0495571 0.00112407
0.0838092 0.0495839 0.00111869
0.0840376 0.0483366 0.00111496
0.0842659 0.0480594 0.00112084
0.0844943 0.0474864 0.00111186
0.0847227 0.0472582 0.00111346
0.0849511 0.0488297 0.001106
0.0851795 0.046844 0.00110607
0.0854079 0.0468938 0.00111226
0.0856362 0.0451232 0.0011057
0.0858646 0.0439899 0.00110907
0.086093 0.0450973 0.00110072
0.0863214 0.0459198 0.00110657
0.0865498 0.0460992 0.00110748
0.0867781 0.0447468 0.00109826
0.0870065 0.0450483 0.00109811
0.0872349 0.0461897 0.00109739
0.0874633 0.0460958 0.0010968
0.0876917 0.0465982 0.00109705
0.0879201 0.0466023 0.00109488
0.0881484 0.0459664 0.00109293
0.0883768 0.046605 0.00109287
0.0886052 0.0465836 0.00109364
0.0888336 0.0466572 0.00108897
0.089062 0.0445003 0.0010882
0.0892904 0.044328 0.00109081
0.0895187 0.0436057 0.00108791
0.0897471 0.0437616 0.0010856
0.0899755 0.0431286 0.00108274
0.0902039 0.0416412 0.00108434
0.0904323 0.0418872 0.00114528
0.0906607 0.0430639 0.000850248
0.090889 0.0423892 0.000847214
0.0911174 0.0422433 0.000846168
0.0913458 0.0418374 0.000848759
0.0915742 0.0426811 0.000845951
0.0918026 0.042091 0.000841783
0.092031 0.0412486 0.000846056
0.0922593 0.0412956 0.000842413
0.0924877 0.0410653 0.000841009
0.0927161 0.0404863 0.000836787
0.0929445 0.0410272 0.000840544
0.0931729 0.0417973 0.000840198
0.0934013 0.0400009 0.000839666
0.0936296 0.0383259 0.000837019
0.093858 0.0399302 0.00083261
0.0940864 0.0403574 0.00083543
0.0943148 0.0402683 0.000834112
0.0945432 0.038908 0.000833859
0.0947716 0.0384764 0.000831601
0.0949999 0.0382426 0.000832561
0.0952283 0.0378414 0.000832016
0.0954567 0.0375839 0.00082983
0.0956851 0.0383097 0.000830119
0.0959135 0.0386452 0.000829019
0.0961419 0.0382922 0.0008262
0.0963702 0.0376356 0.000827874
0.0965986 0.037755 0.000821748
0.096827 0.0386442 0.000826537
0.0970554 0.0385276 0.00082581
0.0972838 0.0375177 0.000823568
0.0975122 0.0368254 0.000823808
0.0977405 0.0370686 0.000821069
0.0979689 0.0367606 0.000825733
0.0981973 0.0381398 0.000819428
0.0984257 0.0377797 0.000819042
0.0986541 0.0364137 0.000819761
0.0988825 0.0369499 0.000817688
0.0991108 0.0360933 0.000820542
0.0993392 0.03722 0.000817606
0.0995676 0.0376306 0.000817218
0.099796 0.0370726 0.000817574
0.100024 0.0365241 0.00081255
0.100253 0.0364389 0.000818373
0.100481 0.0364009 0.000810584
0.10071 0.0360451 0.000815654
0.100938 0.0351193 0.0008157
0.101166 0.0350324 0.000809496
0.101395 0.0355767 0.000811289
0.101623 0.0345479 0.000809779
0.101851 0.0334147 0.000809239
0.10208 0.0339976 0.000811791
0.102308 0.0352447 0.000806536
0.102537 0.0352999 0.000807988
0.102765 0.0342184 0.000809918
0.102993 0.0349191 0.000806727
0.103222 0.0345917 0.000807599
0.10345 0.0340479 0.000803286
0.103679 0.0336119 0.000803984
0.103907 0.034744 0.00080527
0.104135 0.0348113 0.000802599
0.104364 0.0338818 0.000801946
0.104592 0.0335156 0.000804587
0.10482 0.0336421 0.000799269
0.105049 0.0331883 0.000803722
0.105277 0.032819 0.000797272
0.105506 0.0321554 0.000798228
0.105734 0.0327027 0.000801867
0.105962 0.0324948 0.000793306
0.106191 0.031856 0.000799939
0.106419 0.033311 0.000798033
0.106647 0.0332909 0.000792703
0.106876 0.0326698 0.000797896
0.107104 0.0314618 0.000791212
0.107333 0.0315757 0.000794077
0.107561 0.0322042 0.000794519
0.107789 0.0321621 0.000790258
0.108018 0.0326388 0.000793598
0.108246 0.0310723 0.000787092
0.108475 0.0302394 0.000795221
0.108703 0.0299889 0.000790807
0.108931 0.0314429 0.000788704
0.10916 0.0306426 0.000788411
0.109388 0.0297361 0.000787317
0.109616 0.0303374 0.00078745
0.109845 0.030982 0.000786213
0.110073 0.031811 0.000785847
0.110302 0.0315747 0.00078482
0.11053 0.031091 0.000786181
0.110758 0.0309062 0.000784013
0.110987 0.031034 0.000783489
0.111215 0.0316202 0.000781042
0.111444 0.0307964 0.000783519
0.111672 0.0287771 0.0007851
0.1119 0.028581 0.000780544
0.112129 0.0288789 0.000779037
0.112357 0.0278719 0.000780644
0.112585 0.0284136 0.000776024
0.112814 0.0296718 0.000779659
0.113042 0.0289216 0.000775944
0.113271 0.0283833 0.000775982
0.113499 0.0281677 0.000781574
0.113727 0.0279638 0.000772854
0.113956 0.0278551 0.000777093
0.114184 0.0284332 0.00077401
0.114413 0.0285149 0.000777157
0.114641 0.0279189 0.000778199
0.114869 0.0278338 0.000769268
0.115098 0.0275189 0.000770663
0.115326 0.0275631 0.000771201
0.115554 0.0276746 0.000769708
0.115783 0.0281499 0.000774104
0.116011 0.027154 0.000766679
0.11624 0.0261072 0.000771451
0.116468 0.026559 0.000769696
0.116696 0.0260267 0.000765934
0.116925 0.026275 0.000768392
0.117153 0.0265701 0.000768501
0.117381 0.0270721 0.000766444
0.11761 0.0258491 0.000766453
0.117838 0.0265846 0.000762601
0.118067 0.0277134 0.000766544
0.118295 0.0274498 0.000767826
0.118523 0.0279376 0.000763006
0.118752 0.0276624 0.000765332
0.11898 0.0261113 0.00076073
0.119209 0.0255083 0.000762776
0.119437 0.025443 0.00076551
0.119665 0.0263534 0.000758557
0.119894 0.0259409 0.000760204
0.120122 0.0256123 0.000762609
0.12035 0.0254363 0.000758621
0.120579 0.0250001 0.000761262
0.120807 0.0259919 0.000753461
0.121036 0.0267653 0.000761947
0.121264 0.0261199 0.00075956
0.121492 0.0259102 0.000754904
0.121721 0.0256211 0.000758888
0.121949 0.025697 0.000751434
0.122178 0.0257482 0.000758004
0.122406 0.025328 0.000756859
0.122634 0.0255658 0.000751267
0.122863 0.0255644 0.000755661
0.123091 0.0243744 0.000755186
0.123319 0.023846 0.000753516
0.123548 0.0238537 0.000753391
0.123776 0.0247152 0.000749729
0.124005 0.0244867 0.000751464
0.124233 0.0246224 0.000749213
0.124461 0.0239008 0.000751684
0.12469 0.023928 0.000749546
0.124918 0.0239356 0.000747464
0.125147 0.0243662 0.000752362
0.125375 0.024321 0.000748066
0.125603 0.023276 0.000747011
0.125832 0.0235357 0.000746573
0.12606 0.0236948 0.000749863
0.126288 0.0244141 0.000743362
0.126517 0.0232979 0.000746024
0.126745 0.023115 0.00074444
0.126974 0.0234618 0.000745099
0.127202 0.0228389 0.00074821
0.12743 0.0225393 0.000740956
0.127659 0.0233396 0.000744679
0.127887 0.0237459 0.000741536
0.128116 0.0232724 0.000742893
0.128344 0.0247053 0.000745262
0.128572 0.0244794 0.000735301
0.128801 0.0233606 0.000742414
0.129029 0.023046 0.000741269
0.129257 0.0229318 0.000735941
0.129486 0.0220224 0.000741199
0.129714 0.0216941 0.000733941
0.129943 0.0220172 0.00074118
0.130171 0.0219634 0.000739733
0.130399 0.0226923 0.000736406
0.130628 0.0230808 0.000738601
0.130856 0.023072 0.00073618
0.131084 0.0232969 0.000737066
0.131313 0.0224724 0.000735938
0.131541 0.0221309 0.00073145
0.13177 0.0212842 0.000736201
0.131998 0.0218078 0.000732718
0.132226 0.0221779 0.000733553
0.132455 0.022351 0.000733528
0.132683 0.0203931 0.000731349
0.132912 0.0203209 0.000732907
0.13314 0.0210697 0.00073177
0.133368 0.0214907 0.000728911
0.133597 0.0223671 0.000730264
0.133825 0.0229197 0.000733608
0.134053 0.0221254 0.000727523
0.134282 0.0227621 0.000732593
0.13451 0.0228586 0.000728656
0.134739 0.0218306 0.000728936
0.134967 0.0216636 0.00072901
0.135195 0.0215158 0.0007256
0.135424 0.0215753 0.000728019
0.135652 0.0215876 0.000724736
0.135881 0.0215889 0.000727503
0.136109 0.020151 0.000725474
0.136337 0.0209486 0.000721896
0.136566 0.0216 0.000726949
0.136794 0.0210537 0.000723989
0.137022 0.020503 0.000720761
0.137251 0.0200707 0.000723603
0.137479 0.0195348 0.000718773
0.137708 0.0191456 0.000723059
0.137936 0.01929 0.000719894
0.138164 0.0200692 0.00071904
0.138393 0.02013 0.000722213
0.138621 0.0208047 0.000720587
0.13885 0.0208881 0.00072177
0.139078 0.0212279 0.00071839
0.139306 0.0206828 0.000716829
0.139535 0.0201064 0.000719376
0.139763 0.0207379 0.000719906
0.139991 0.0205286 0.000716219
0.14022 0.0213414 0.000717253
0.140448 0.0199491 0.000716329
0.140677 0.0189544 0.000714783
0.140905 0.0192208 0.000717042
0.141133 0.019753 0.000714847
0.141362 0.0192644 0.000715492
0.14159 0.0199863 0.000719416
0.141818 0.0203883 0.000711484
0.142047 0.0207637 0.000717336
0.142275 0.0203198 0.000712689
0.142504 0.0199858 0.000714716
0.142732 0.0204518 0.000715058
0.14296 0.020806 0.000709561
0.143189 0.0204457 0.000715081
0.143417 0.0191012 0.000709827
0.143646 0.0194766 0.000715481
0.143874 0.0195116 0.000713824
0.144102 0.0193149 0.00070773
0.144331 0.0186726 0.000713528
0.144559 0.0186853 0.000709324
0.144787 0.0192713 0.000708304
0.145016 0.0206447 0.000711869
0.145244 0.019872 0.000707859
0.145473 0.0193504 0.000712014
0.145701 0.0190008 0.00070815
0.145929 0.0192258 0.000707154
0.146158 0.0182943 0.00070746
0.146386 0.0187236 0.000705757
0.146615 0.0195891 0.000708047
0.146843 0.0191841 0.000706716
0.147071 0.0196109 0.000707228
0.1473 0.0186839 0.000705934
0.147528 0.0185732 0.000707001
0.147756 0.0185367 0.000703266
0.147985 0.0190527 0.000704758
0.148213 0.0193681 0.000704776
0.148442 0.0180454 0.000702969
0.14867 0.0172347 0.000703698
0.148898 0.0167147 0.000699898
0.149127 0.0184306 0.00070405
0.149355 0.0189279 0.000704113
0.149584 0.0191672 0.000702274
0.149812 0.0184194 0.000702526
0.15004 0.0185851 0.000699089
0.150269 0.0178052 0.000703119
0.150497 0.0180383 0.000702141
0.150725 0.0192412 0.000698221
0.150954 0.0188483 0.00070336
0.151182 0.0176906 0.000698326
0.151411 0.0177846 0.000700758
0.151639 0.0173347 0.000698919
0.151867 0.0175133 0.000693304
0.152096 0.0166609 0.000700172
0.152324 0.0171068 0.000693898
0.152553 0.0172051 0.000700583
0.152781 0.0179317 0.000695891
0.153009 0.0174569 0.000695279
0.153238 0.0175581 0.00069836
0.153466 0.0169729 0.00069576
0.153694 0.016676 0.0006944
0.153923 0.0161329 0.000694531
0.154151 0.0172118 0.000694627
0.15438 0.0173824 0.00069502
0.154608 0.0170756 0.000692852
0.154836 0.016776 0.00069302
0.155065 0.016595 0.000693362
0.155293 0.0173652 0.00069618
0.155521 0.0181949 0.000691884
0.15575 0.0176942 0.000692444
0.155978 0.0163938 0.000692129
0.156207 0.0160358 0.000692223
0.156435 0.0164989 0.000691827
0.156663 0.0166001 0.000686687
0.156892 0.0177569 0.000693437
0.15712 0.0173836 0.000690743
0.157349 0.0170014 0.000689491
0.157577 0.0167257 0.000690376
0.157805 0.0166302 0.000685991
0.158034 0.0168308 0.000691926
0.158262 0.0168924 0.000691206
0.15849 0.0164033 0.000686652
0.158719 0.0166922 0.000689211
0.158947 0.0165731 0.0006872
0.159176 0.0162934 0.000689354
0.159404 0.0161807 0.000685038
0.159632 0.0157259 0.00068344
0.159861 0.0148157 0.000688443
0.160089 0.0153499 0.000683351
0.160318 0.0158773 0.000688554
0.160546 0.0166019 0.000684887
0.160774 0.0176732 0.000683827
0.161003 0.0176872 0.000686471
0.161231 0.0168962 0.000684436
0.161459 0.0163267 0.000682406
0.161688 0.0160711 0.000683151
0.161916 0.0165027 0.00068316
0.162145 0.0156511 0.000681691
0.162373 0.0153082 0.000683506
0.162601 0.0158802 0.000681447
0.16283 0.0154021 0.000683044
0.163058 0.0155549 0.000679359
0.163287 0.0162196 0.000678542
0.163515 0.0159763 0.000680353
0.163743 0.016043 0.000680876
0.163972 0.0162562 0.000681804
0.1642 0.0148727 0.000681928
0.164428 0.0152307 0.000674137
0.164657 0.0156118 0.000681687
0.164885 0.0158942 0.000676233
0.165114 0.0158377 0.000679288
0.165342 0.0159583 0.000677376
0.16557 0.0164506 0.000675819
0.165799 0.0159198 0.000678738
0.166027 0.0158591 0.000675281
0.166255 0.0151756 0.000673856
0.166484 0.0144909 0.000678032
0.166712 0.0149452 0.000675349
0.166941 0.0155152 0.000678547
0.167169 0.0148883 0.000671741
0.167397 0.014684 0.000673366
0.167626 0.0150611 0.000676774
0.167854 0.0144777 0.000672738
0.168083 0.0140124 0.000674122
0.168311 0.0148497 0.000670357
0.168539 0.0146452 0.000671943
0.168768 0.0149691 0.000672268
0.168996 0.0160802 0.000675757
0.169224 0.0159279 0.000671443
0.169453 0.0145991 0.000671154
0.169681 0.0157754 0.00067292
0.16991 0.0154396 0.000669929
0.170138 0.0155776 0.000670498
0.170366 0.0158286 0.000669156
0.170595 0.0152698 0.000670667
0.170823 0.015097 0.000669566
0.171052 0.0145789 0.000668383
0.17128 0.0154099 0.00067108
0.171508 0.0165069 0.000666966
0.171737 0.0160773 0.000669214
0.171965 0.0149198 0.000670276
0.172193 0.0151989 0.000665533
0.172422 0.0154134 0.000670297
0.17265 0.0157552 0.000664001
0.172879 0.0152241 0.000666087
0.173107 0.0144602 0.000667044
0.173335 0.0151288 0.000664464
0.173564 0.014587 0.000669134
0.173792 0.0148632 0.000662731
0.174021 0.0147928 0.000664679
0.174249 0.0151841 0.000665719
0.174477 0.0140819 0.000662132
0.174706 0.0139872 0.000664764
0.174934 0.0135696 0.000663476
0.175162 0.0136306 0.000662374
0.175391 0.013586 0.000663633
0.175619 0.0130214 0.000660818
0.175848 0.0132714 0.000661939
0.176076 0.0135567 0.000661083
0.176304 0.0139409 0.000662159
0.176533 0.0137647 0.000663152
0.176761 0.0134857 0.000660602
0.17699 0.0133786 0.000660849
0.177218 0.0132014 0.000660533
0.177446 0.0137117 0.000660952
0.177675 0.0135613 0.000660036
0.177903 0.0132166 0.000660863
0.178131 0.0140122 0.000658601
0.17836 0.0138263 0.000661713
0.178588 0.0129167 0.000657631
0.178817 0.0124274 0.000658488
0.179045 0.0124658 0.000661418
0.179273 0.0138899 0.000657073
0.179502 0.0130634 0.000659834
0.17973 0.0134146 0.000659409
0.179958 0.01357 0.000654828
0.180187 0.0135703 0.000661368
0.180415 0.0135243 0.000655947
0.180644 0.0133924 0.000658912
0.180872 0.0133316 0.000658514
0.1811 0.0133741 0.000656982
0.181329 0.0132407 0.000658157
0.181557 0.013536 0.000570582
0.181786 0.0134848 0.000372593
0.182014 0.0132897 0.000367767
0.182242 0.0133599 0.000367231
0.182471 0.0133771 0.00036764
0.182699 0.0130793 0.000367446
0.182927 0.0129887 0.000366696
0.183156 0.0129813 0.000367814
0.183384 0.01373 0.000366904
0.183613 0.0137562 0.000366217
0.183841 0.0133806 0.000366144
0.184069 0.0135956 0.000366213
0.184298 0.0134181 0.000367068
0.184526 0.0127531 0.000366543
0.184755 0.0130317 0.000365242
0.184983 0.0128251 0.00036682
0.185211 0.0130216 0.000365296
0.18544 0.0128049 0.000365577
0.185668 0.0130607 0.000366508
0.185896 0.0130789 0.000364664
0.186125 0.0129852 0.000366981
0.186353 0.012837 0.000364934
0.186582 0.0130357 0.000364192
0.18681 0.0137486 0.000366644
0.187038 0.0131221 0.000363249
0.187267 0.0122229 0.000365806
0.187495 0.012464 0.00036238
0.187724 0.0124424 0.000364611
0.187952 0.0123402 0.000365787
0.18818 0.0124628 0.000363541
0.188409 0.0128937 0.000364711
0.188637 0.0126058 0.000363453
0.188865 0.0126189 0.000363172
0.189094 0.012735 0.000364898
0.189322 0.012626 0.000362436
0.189551 0.0123287 0.000363802
0.189779 0.0121022 0.00036299
0.190007 0.0121156 0.000363561
0.190236 0.0125013 0.000363321
0.190464 0.0126501 0.000363252
0.190692 0.0121508 0.000362637
0.190921 0.0123812 0.000363249
0.191149 0.0119661 0.000361872
0.191378 0.0121741 0.000361973
0.191606 0.0124046 0.000363866
0.191834 0.0129611 0.000362494
0.192063 0.0128248 0.000362972
0.192291 0.0124504 0.000361516
0.19252 0.0120578 0.000360617
0.192748 0.0119517 0.000362888
0.192976 0.0121524 0.000361698
0.193205 0.0123142 0.000380903
0.193433 0.0129699 0.00032561
0.193661 0.0128429 0.000324207
0.19389 0.012402 0.000326656
0.194118 0.0120341 0.00032428
0.194347 0.0123199 0.000324352
0.194575 0.0120758 0.000326194
0.194803 0.0121456 0.000324736
0.195032 0.0122094 0.000325402
0.19526 0.0124067 0.00032249
0.195489 0.0127061 0.000323796
0.195717 0.0125104 0.000324914
0.195945 0.0123001 0.000322827
0.196174 0.0124413 0.000325029
0.196402 0.0121352 0.000323302
0.19663 0.0114711 0.000323588
0.196859 0.0114344 0.00032449
0.197087 0.0117614 0.000322233
0.197316 0.0119297 0.000323238
0.197544 0.0115463 0.000323816
0.197772 0.0115434 0.000323569
0.198001 0.01211 0.000323479
0.198229 0.0118816 0.000321209
0.198458 0.0116786 0.000322571
0.198686 0.0117532 0.000323031
0.198914 0.0118148 0.000322328
0.199143 0.0115856 0.000321929
0.199371 0.011535 0.000323402
0.199599 0.0119021 0.000321594
0.199828 0.0118879 0.000322662
0.200056 0.012198 0.000321272
0.200285 0.0123116 0.000320998
0.200513 0.0118094 0.000323158
0.200741 0.01191 0.000321639
0.20097 0.012079 0.00032293
0.201198 0.0117607 0.000321408
0.201427 0.0114844 0.000322349
0.201655 0.011398 0.000323704
0.201883 0.0114719 0.000321466
0.202112 0.0117333 0.000322776
0.20234 0.0121368 0.000322373
0.202568 0.0123078 0.000322213
0.202797 0.0115954 0.000324021
0.203025 0.0107769 0.000320609
0.203254 0.0110146 0.000323563
0.203482 0.0111036 0.000324163
0.20371 0.0116739 0.000322183
0.203939 0.0118849 0.000323127
0.204167 0.0115867 0.000323056
0.204395 0.0111299 0.00032362
0.204624 0.0109697 0.000324466
0.204852 0.0110854 0.000323223
0.205081 0.0113256 0.000323852
0.205309 0.01122 0.000324151
0.205537 0.0110157 0.000323337
0.205766 0.0109558 0.000323944
0.205994 0.0112958 0.000322928
0.206223 0.011242 0.00032423
0.206451 0.0109605 0.000324838
0.206679 0.0111442 0.000323326
0.206908 0.0110641 0.000323481
0.207136 0.0112817 0.000325014
0.207364 0.0109228 0.000323274
0.207593 0.0108649 0.000325326
0.207821 0.0112644 0.000323224
0.20805 0.0113063 0.000323467
0.208278 0.011212 0.000326431
0.208506 0.0105943 0.000323241
0.208735 0.0107046 0.00032666
0.208963 0.0112026 0.000323458
0.209192 0.0109229 0.000324269
0.20942 0.0104931 0.000325301
0.209648 0.0108506 0.000322556
0.209877 0.0112623 0.000324709
0.210105 0.0108313 0.000325322
0.210333 0.0109035 0.000324623
0.210562 0.01093 0.000326123
0.21079 0.0108881 0.000322586
0.211019 0.0105876 0.000325406
0.211247 0.0105358 0.000324707
0.211475 0.0104884 0.000324498
0.211704 0.0105644 0.000325204
0.211932 0.011012 0.000322604
0.212161 0.0109523 0.000325592
0.212389 0.0110483 0.000323422
0.212617 0.0111958 0.000323406
0.212846 0.0110337 0.000324037
0.213074 0.0105129 0.00032428
0.213302 0.0106514 0.000323813
0.213531 0.0104512 0.00032389
0.213759 0.0104579 0.00032246
0.213988 0.010986 0.000323694
0.214216 0.0103173 0.0003241
0.214444 0.010891 0.000322943
0.214673 0.0112012 0.000322503
0.214901 0.0112838 0.00032386
0.215129 0.0105813 0.000321938
0.215358 0.0104523 0.000323919
0.215586 0.0110972 0.00032283
0.215815 0.0115957 0.000323449
0.216043 0.0113671 0.000324797
0.216271 0.0106074 0.000321176
0.2165 0.0107802 0.000322807
0.216728 0.0104668 0.000321267
0.216957 0.0100192 0.000323147
0.217185 0.00961352 0.000323712
0.217413 0.00994177 0.000321064
0.217642 0.0103543 0.000322322
0.21787 0.010346 0.000322254
0.218098 0.0104356 0.000321012
0.218327 0.0108908 0.000322829
0.218555 0.0106386 0.000319849
0.218784 0.010617 0.000322263
0.219012 0.0104552 0.000321533
0.21924 0.0103274 0.000319523
0.219469 0.0102102 0.000321113
0.219697 0.0100791 0.000320101
0.219926 0.0102393 0.000320978
0.220154 0.0104963 0.000320463
0.220382 0.00992748 0.000319087
0.220611 0.00996949 0.000319654
0.220839 0.0102491 0.000320652
0.221067 0.0104903 0.000318538
0.221296 0.0101191 0.000319641
0.221524 0.0103182 0.000317892
0.221753 0.0102976 0.000319299
0.221981 0.0105806 0.000319431
0.222209 0.0104039 0.000316959
0.222438 0.0100594 0.000317883
0.222666 0.00994358 0.000317441
0.222895 0.00987242 0.000318234
0.223123 0.00988551 0.000318696
0.223351 0.0101988 0.00031397
0.22358 0.0103156 0.000316048
0.223808 0.0107946 0.000317213
0.224036 0.0107318 0.000313714
0.224265 0.0108836 0.000315931
0.224493 0.0107183 0.000312278
0.224722 0.0102559 0.000315067
0.22495 0.010005 0.000313836
0.225178 0.00952482 0.000311799
0.225407 0.00919449 0.000313073
0.225635 0.009522 0.000310692
0.225864 0.00980237 0.000313101
0.226092 0.0097662 0.000311271
0.22632 0.00992648 0.000310532
0.226549 0.0102489 0.000312022
0.226777 0.0103453 0.000311856
0.227005 0.0104542 0.000311163
0.227234 0.0100188 0.000310612
0.227462 0.00985474 0.000310023
0.227691 0.00980721 0.000312257
0.227919 0.0104477 0.000310567
0.228147 0.0106651 0.00031013
0.228376 0.0103404 0.000309802
0.228604 0.00969784 0.000312086
0.228832 0.00954453 0.000310106
0.229061 0.0097645 0.000311263
0.229289 0.0100305 0.000309239
0.229518 0.0104477 0.000310371
0.229746 0.00998973 0.000311588
0.229974 0.00978894 0.000309028
0.230203 0.00961428 0.000310551
0.230431 0.0102556 0.000310039
0.23066 0.0102114 0.000309991
0.230888 0.0101665 0.0003115
0.231116 0.00973741 0.000307672
0.231345 0.00959563 0.000310427
0.231573 0.00967917 0.000310812
0.231801 0.0100307 0.000308353
0.23203 0.0100736 0.000309876
0.232258 0.00978307 0.000307144
0.232487 0.0100374 0.000310799
0.232715 0.00969672 0.000309777
0.232943 0.00984941 0.000308497
0.233172 0.00982863 0.000309893
0.2334 0.00987524 0.000307109
0.233629 0.00997016 0.000309998
0.233857 0.0104279 0.000309029
0.234085 0.0104457 0.000307673
0.234314 0.0101785 0.000309679
0.234542 0.00998541 0.000308082
0.23477 0.00994491 0.000308032
0.234999 0.00992358 0.000307851
0.235227 0.00959471 0.000308079
0.235456 0.0099 0.000309362
0.235684 0.0103521 0.000308051
0.235912 0.0103498 0.000307249
0.236141 0.00962991 0.000307818
0.236369 0.00966571 0.000308278
0.236598 0.00982359 0.000307938
0.236826 0.00931496 0.000307393
0.237054 0.00947127 0.00030684
0.237283 0.00964326 0.000307853
0.237511 0.00988363 0.000308417
0.237739 0.0101017 0.000305709
0.237968 0.00998071 0.000307224
0.238196 0.00987731 0.000306941
0.238425 0.00917622 0.000308294
0.238653 0.00879976 0.000307658
0.238881 0.00915654 0.000305031
0.23911 0.00936367 0.000306907
0.239338 0.00997334 0.000306708
0.239566 0.00976917 0.000306074
0.239795 0.00962356 0.000306902
0.240023 0.00995822 0.000305496
0.240252 0.00962147 0.000307138
0.24048 0.00915239 0.000305681
0.240708 0.00881829 0.000305318
0.240937 0.0087839 0.00030683
0.241165 0.00929159 0.000305478
0.241394 0.00902532 0.000306856
0.241622 0.0093469 0.000305318
0.24185 0.00899059 0.000304012
0.242079 0.00865787 0.000305511
0.242307 0.00847412 0.000306516
0.242535 0.00876874 0.000305193
0.242764 0.00906202 0.000305
0.242992 0.0096059 0.000304691
0.243221 0.00990659 0.00030486
0.243449 0.00977483 0.000306203
0.243677 0.00918667 0.000303968
0.243906 0.00906008 0.000305928
0.244134 0.00897219 0.000304808
0.244363 0.00879187 0.000303732
0.244591 0.00908142 0.000304856
0.244819 0.00916192 0.000303682
0.245048 0.00894824 0.000305164
0.245276 0.00862342 0.000305591
0.245504 0.00878289 0.000303178
0.245733 0.00877746 0.000305199
0.245961 0.00910071 0.000303492
0.24619 0.0094121 0.000305168
0.246418 0.00908397 0.000304454
0.246646 0.00912743 0.000302737
0.246875 0.00913471 0.000305832
0.247103 0.00903012 0.000303014
0.247332 0.00891934 0.000304287
0.24756 0.00946779 0.000303922
0.247788 0.00950276 0.000302892
0.248017 0.00944663 0.000305098
0.248245 0.00911889 0.000302531
0.248473 0.00857942 0.000303003
0.248702 0.0086458 0.000303458
0.24893 0.00890278 0.000302432
0.249159 0.00918296 0.000304534
0.249387 0.00933027 0.000303281
0.249615 0.00908097 0.000303314
0.249844 0.00902824 0.000303429
0.250072 0.00932937 0.000303026
0.250301 0.0091279 0.000303478
0.250529 0.00874839 0.000302437
0.250757 0.00907669 0.000303521
0.250986 0.00891863 0.00030305
0.251214 0.00919244 0.000303544
0.251442 0.00920937 0.000301656
0.251671 0.00876412 0.000302989
0.251899 0.0089102 0.0003032
0.252128 0.00944214 0.000302237
0.252356 0.00917361 0.00030265
0.252584 0.00903918 0.000301474
0.252813 0.00853351 0.000302756
0.253041 0.00875528 0.000303081
0.253269 0.0090909 0.000300032
0.253498 0.00896966 0.000302463
0.253726 0.00904213 0.000300568
0.253955 0.00901971 0.000302082
0.254183 0.00906111 0.000302347
0.254411 0.00905574 0.000299984
0.25464 0.00877219 0.000302516
0.254868 0.00851823 0.000300926
0.255097 0.00865008 0.00030195
0.255325 0.00851374 0.000301322
0.255553 0.008432 0.00030093
0.255782 0.00866171 0.000301968
0.25601 0.0085774 0.000301038
0.256238 0.00892393 0.000300698
0.256467 0.00926331 0.00030151
0.256695 0.00931983 0.000301499
0.256924 0.00916568 0.000301594
0.257152 0.00855092 0.000300209
0.25738 0.00856387 0.000300676
0.257609 0.00867937 0.000301537
0.257837 0.00861431 0.000300709
0.258066 0.00897333 0.000300352
0.258294 0.00878207 0.000300623
0.258522 0.00859316 0.000299926
0.258751 0.00873508 0.000300572
0.258979 0.0088483 0.000301253
0.259207 0.0089596 0.00029826
0.259436 0.00876271 0.000301054
0.259664 0.00885138 0.000300362
0.259893 0.00912184 0.000299681
0.260121 0.00882787 0.000300859
0.260349 0.00895297 0.000298519
0.260578 0.0084166 0.000301449
0.260806 0.00857933 0.000299129
0.261035 0.00886977 0.000299457
0.261263 0.00851257 0.000299828
0.261491 0.00845044 0.000298371
0.26172 0.00866646 0.000300678
0.261948 0.0084279 0.00029902
0.262176 0.00857278 0.000298393
0.262405 0.00883089 0.000300106
0.262633 0.00859881 0.000298818
0.262862 0.00817766 0.000299701
0.26309 0.00842272 0.000297999
0.263318 0.00859391 0.000298451
0.263547 0.00843282 0.000299727
0.263775 0.00831186 0.000299246
0.264003 0.00828764 0.000298923
0.264232 0.00825092 0.000298906
0.26446 0.00824054 0.000298494
0.264689 0.00822457 0.000298277
0.264917 0.00842271 0.000298073
0.265145 0.0087447 0.00029795
0.265374 0.00859883 0.000298816
0.265602 0.00874724 0.000298526
0.265831 0.00880979 0.000297046
0.266059 0.00832714 0.000298533
0.266287 0.00816047 0.000298372
0.266516 0.00811328 0.000298937
0.266744 0.00796422 0.00029856
0.266972 0.00787647 0.000295769
0.267201 0.00788122 0.000298548
0.267429 0.00844383 0.000298183
0.267658 0.00862238 0.000298687
0.267886 0.00839124 0.000297957
0.268114 0.00856916 0.000296772
0.268343 0.00844432 0.000299682
0.268571 0.00829931 0.000296777
0.2688 0.0083485 0.000297897
0.269028 0.00823329 0.000298099
0.269256 0.00819928 0.00029666
0.269485 0.00779902 0.00029941
0.269713 0.00765163 0.000296861
0.269941 0.00770099 0.000296487
0.27017 0.00769766 0.000297878
0.270398 0.00767169 0.000296881
0.270627 0.00795364 0.000298421
0.270855 0.00842094 0.000296563
0.271083 0.00837697 0.000296651
0.271312 0.00784772 0.000297461
0.27154 0.00795284 0.000296653
0.271769 0.00814468 0.000297362
0.271997 0.00847571 0.000296381
0.272225 0.00866466 0.000297743
0.272454 0.00805833 0.000296477
0.272682 0.00774154 0.000297052
0.27291 0.00790246 0.000295476
0.273139 0.00793768 0.000296979
0.273367 0.00785154 0.000296801
0.273596 0.00799257 0.000295924
0.273824 0.00762571 0.000297009
0.274052 0.00769717 0.000295541
0.274281 0.00814088 0.000296738
0.274509 0.0084446 0.000296472
0.274737 0.00844183 0.000294593
0.274966 0.00884708 0.000298237
0.275194 0.0084491 0.000295462
0.275423 0.00831082 0.000296663
0.275651 0.00839207 0.000295784
0.275879 0.00829869 0.00029507
0.276108 0.00833219 0.000298191
0.276336 0.0080021 0.000294879
0.276565 0.0080135 0.0002955
0.276793 0.00853599 0.000295829
0.277021 0.00875088 0.000294666
0.27725 0.00884988 0.000297269
0.277478 0.0086758 0.000295241
0.277706 0.0081045 0.000295637
0.277935 0.00801122 0.000296176
0.278163 0.00793817 0.000295172
0.278392 0.00846016 0.000296041
0.27862 0.00814097 0.000294862
0.278848 0.00811152 0.000295534
0.279077 0.007848 0.00029582
0.279305 0.00787564 0.000294771
0.279534 0.00819404 0.00029516
0.279762 0.00814842 0.000294726
0.27999 0.00825972 0.000295649
0.280219 0.00822269 0.000295199
0.280447 0.00855743 0.000295764
0.280675 0.00838391 0.000293689
0.280904 0.00795531 0.000295596
0.281132 0.00797036 0.000294647
0.281361 0.0083425 0.000294726
0.281589 0.00774832 0.000296106
0.281817 0.00794239 0.000294441
0.282046 0.00804477 0.000296167
0.282274 0.00848222 0.000294044
0.282503 0.00823074 0.000294379
0.282731 0.0075937 0.000295398
0.282959 0.00778086 0.000293387
0.283188 0.007773 0.000295424
0.283416 0.0075246 0.000294813
0.283644 0.00702844 0.00029386
0.283873 0.00717071 0.000295919
0.284101 0.00736609 0.000293332
0.28433 0.00724301 0.000294799
0.284558 0.00736131 0.00029482
0.284786 0.00744008 0.00029473
0.285015 0.00767707 0.000295021
0.285243 0.00772666 0.000293048
0.285472 0.00780404 0.000294528
0.2857 0.00809378 0.000294346
0.285928 0.00762337 0.000294598
0.286157 0.00765551 0.000294141
0.286385 0.00779262 0.000294692
0.286613 0.00779703 0.000293898
0.286842 0.00793446 0.000294888
0.28707 0.00766869 0.000293824
0.287299 0.00764648 0.000293668
0.287527 0.00805783 0.000294644
0.287755 0.00791132 0.000293717
0.287984 0.00801917 0.000293898
0.288212 0.00815701 0.000295024
0.28844 0.00795788 0.00029281
0.288669 0.0077643 0.000294836
0.288897 0.00764142 0.000293018
0.289126 0.00745396 0.000292661
0.289354 0.00746107 0.000294852
0.289582 0.00776717 0.000291871
0.289811 0.00798271 0.000295102
0.290039 0.0079084 0.000291932
0.290268 0.00750564 0.000293703
0.290496 0.00786473 0.000294428
0.290724 0.00793022 0.000292239
0.290953 0.00756367 0.000293848
0.291181 0.00686311 0.000292436
0.291409 0.00724096 0.000293104
0.291638 0.00752712 0.00029469
0.291866 0.00727426 0.00029175
0.292095 0.00734423 0.000293579
0.292323 0.0076907 0.000292342
0.292551 0.00814496 0.000292433
0.29278 0.00790231 0.000293416
0.293008 0.0078595 0.000291412
0.293237 0.00773696 0.000293959
0.293465 0.00733124 0.00029309
0.293693 0.00695746 0.000292586
0.293922 0.00756414 0.000292177
0.29415 0.007555 0.000292894
0.294378 0.00765749 0.00029238
0.294607 0.00756341 0.000292794
0.294835 0.0076006 0.000292221
0.295064 0.00749573 0.000291568
0.295292 0.00735016 0.000293336
0.29552 0.00733631 0.000292147
0.295749 0.00718662 0.000292211
0.295977 0.00780418 0.000291854
0.296206 0.00797478 0.000291362
0.296434 0.00795902 0.000292816
0.296662 0.00726128 0.000291251
0.296891 0.00735779 0.000291471
0.297119 0.00763616 0.000292248
0.297347 0.00733133 0.000291456
0.297576 0.00729378 0.000293624
0.297804 0.00731526 0.000291173
0.298033 0.00744554 0.000291571
0.298261 0.00763072 0.000292082
0.298489 0.00776639 0.000290998
0.298718 0.00767996 0.00029273
0.298946 0.00718689 0.000291962
0.299174 0.00661549 0.00029089
0.299403 0.00693977 0.000291999
0.299631 0.00783281 0.000290329
0.29986 0.00779497 0.000291856
0.300088 0.00709117 0.000292717
0.300316 0.00687277 0.000291453
0.300545 0.00708419 0.000291656
0.300773 0.00741383 0.000290744
0.301002 0.0079469 0.000291963
0.30123 0.00780756 0.000292112
0.301458 0.00724049 0.000291489
0.301687 0.00752977 0.000290471
0.301915 0.00759379 0.000292742
0.302143 0.00770446 0.000290904
0.302372 0.0073186 0.00029135
0.3026 0.00740108 0.000291103
0.302829 0.00737647 0.000290491
0.303057 0.00698046 0.000292326
0.303285 0.00752251 0.000290489
0.303514 0.007719 0.000291573
0.303742 0.00751912 0.000290167
0.303971 0.00735884 0.00029118
0.304199 0.00754133 0.000292843
0.304427 0.00756464 0.000289583
0.304656 0.00737 0.000290934
0.304884 0.0073626 0.000292024
0.305112 0.00743403 0.00029013
0.305341 0.0074738 0.000292342
0.305569 0.00748326 0.000288812
0.305798 0.00752432 0.000291079
0.306026 0.00780679 0.000291264
0.306254 0.00778433 0.000289843
0.306483 0.00738937 0.000290942
0.306711 0.00743319 0.000289164
0.30694 0.00755767 0.000291328
0.307168 0.0078345 0.000291443
0.307396 0.00767004 0.000290284
0.307625 0.00774309 0.000290549
0.307853 0.00763387 0.000289976
0.308081 0.00721151 0.000290421
0.30831 0.00737301 0.000290832
0.308538 0.00735202 0.000289792
0.308767 0.00755829 0.000290753
0.308995 0.00764097 0.0002904
0.309223 0.00704822 0.000289628
0.309452 0.00698829 0.000290261
0.30968 0.00735353 0.000290076
0.309909 0.00734194 0.00029048
0.310137 0.0069109 0.00029091
0.310365 0.00695704 0.000289099
0.310594 0.00754781 0.00029007
0.310822 0.00737484 0.000291209
0.31105 0.00681514 0.000288943
0.311279 0.00701653 0.000290752
0.311507 0.00717648 0.000289019
0.311736 0.00722816 0.000290352
0.311964 0.00697224 0.000291224
0.312192 0.0072891 0.000287551
0.312421 0.00714446 0.000290497
0.312649 0.00732991 0.000290624
0.312877 0.00737119 0.00028958
0.313106 0.00732032 0.000290881
0.313334 0.0073531 0.000287907
0.313563 0.00739024 0.00028995
0.313791 0.00696826 0.000289169
0.314019 0.00657331 0.000289956
0.314248 0.00655282 0.000290498
0.314476 0.00671589 0.000288208
0.314705 0.0065996 0.000290462
0.314933 0.00676818 0.000289298
0.315161 0.00715577 0.000288817
0.31539 0.00721976 0.00028999
0.315618 0.00728644 0.000289934
0.315846 0.00704689 0.000290049
0.316075 0.00709297 0.000289426
0.316303 0.00716647 0.000289233
0.316532 0.00751927 0.00028886
0.31676 0.00695376 0.000289729
0.316988 0.00704607 0.000289022
0.317217 0.0075593 0.000289268
0.317445 0.00740694 0.000289593
0.317674 0.00722504 0.000289244
0.317902 0.00704379 0.000289974
0.31813 0.00699257 0.000288373
0.318359 0.00709082 0.000288356
0.318587 0.00688887 0.00029048
0.318815 0.00722168 0.000287557
0.319044 0.00763226 0.000289357
0.319272 0.00759236 0.000287247
0.319501 0.00745548 0.000288812
0.319729 0.00697811 0.000289677
0.319957 0.00677711 0.000287618
0.320186 0.00667934 0.000289586
0.320414 0.00638481 0.00028773
0.320643 0.00671912 0.000288992
0.320871 0.00678284 0.000289591
0.321099 0.00684004 0.000287227
0.321328 0.00715887 0.000289733
0.321556 0.00675287 0.000288938
0.321784 0.00670791 0.000288297
0.322013 0.0066762 0.000288724
0.322241 0.0068139 0.000287244
0.32247 0.00683443 0.000289046
0.322698 0.00709313 0.000288729
0.322926 0.00710776 0.000287608
0.323155 0.00701056 0.000288051
0.323383 0.00693367 0.000288737
0.323611 0.00689883 0.000288088
0.32384 0.00709012 0.00028809
0.324068 0.00735768 0.00028746
0.324297 0.00722866 0.000287936
0.324525 0.00693183 0.000288746
0.324753 0.00718298 0.000287251
0.324982 0.00668048 0.000287532
0.32521 0.00673499 0.000287293
0.325439 0.00687628 0.000287647
0.325667 0.00712474 0.0002893
0.325895 0.00697938 0.000286192
0.326124 0.00686092 0.000287954
0.326352 0.00682944 0.000288328
0.32658 0.00669831 0.000287198
0.326809 0.00674289 0.000288613
0.327037 0.00705776 0.000286148
0.327266 0.00667049 0.000288588
0.327494 0.00663659 0.000287991
0.327722 0.00678063 0.000286026
0.327951 0.00683862 0.00028846
0.328179 0.00651782 0.000286156
0.328408 0.00676199 0.000288544
0.328636 0.00717342 0.000287611
0.328864 0.00736908 0.000286458
0.329093 0.00695652 0.000288043
0.329321 0.00689777 0.000287281
0.329549 0.00676354 0.000287453
0.329778 0.00701666 0.000287034
0.330006 0.00708407 0.000287054
0.330235 0.00678038 0.0002881
0.330463 0.00678732 0.000287408
0.330691 0.0067232 0.000286527
0.33092 0.00685868 0.00028653
0.331148 0.00667848 0.000287861
0.331377 0.00638027 0.000288486
0.331605 0.00643049 0.000286869
0.331833 0.00642318 0.000286112
0.332062 0.00652222 0.000287148
0.33229 0.00688561 0.000288644
0.332518 0.00709632 0.000286279
0.332747 0.00717056 0.000287742
0.332975 0.00659171 0.000287307
0.333204 0.00643486 0.000287254
0.333432 0.00639639 0.000288212
0.33366 0.00617414 0.000285651
0.333889 0.00591354 0.000288428
0.334117 0.00650847 0.000287431
0.334346 0.00702002 0.000287261
0.334574 0.00683229 0.000288613
0.334802 0.00698064 0.000285476
0.335031 0.0066841 0.000288832
0.335259 0.00642517 0.000288038
0.335487 0.00659997 0.000286473
0.335716 0.0065934 0.000288413
0.335944 0.00642177 0.000285997
0.336173 0.00630286 0.000288766
0.336401 0.00605468 0.000287333
0.336629 0.00592957 0.000286477
0.336858 0.00592491 0.000288053
0.337086 0.00666344 0.000287484
0.337314 0.006557 0.000287729
0.337543 0.00670008 0.000286903
0.337771 0.0065678 0.000287161
0.338 0.00618836 0.000288718
0.338228 0.00616181 0.000287906
0.338456 0.00602561 0.000287626
0.338685 0.00660343 0.000287646
0.338913 0.00650174 0.000287213
0.339142 0.00664161 0.000287567
0.33937 0.00632062 0.000287737
0.339598 0.00667312 0.00028772
0.339827 0.00695236 0.000288669
0.340055 0.0070046 0.000289013
0.340283 0.0068211 0.000285999
0.340512 0.0065554 0.000288293
0.34074 0.00653079 0.000287052
0.340969 0.00668256 0.000287944
0.341197 0.00687981 0.00028873
0.341425 0.00690086 0.000285714
0.341654 0.00692397 0.00028836
0.341882 0.00711171 0.000286751
0.342111 0.00732649 0.000288373
0.342339 0.00703038 0.000288156
0.342567 0.00657038 0.000286929
0.342796 0.00662908 0.000288977
0.343024 0.00727791 0.000287512
0.343252 0.00732272 0.00028672
0.343481 0.00687798 0.000288264
0.343709 0.00608329 0.000287277
0.343938 0.00608182 0.000288482
0.344166 0.00604087 0.000286877
0.344394 0.00615033 0.000287201
0.344623 0.00632476 0.00028814
0.344851 0.00618652 0.000287414
0.34508 0.00596337 0.000288348
0.345308 0.00659421 0.000287647
0.345536 0.0064406 0.00028797
0.345765 0.00645289 0.000287921
0.345993 0.00653041 0.000288417
0.346221 0.00654181 0.000286668
0.34645 0.00687202 0.000287997
0.346678 0.00649768 0.000288179
0.346907 0.00604421 0.00028714
0.347135 0.0058428 0.000288129
0.347363 0.0062734 0.000287149
0.347592 0.00654861 0.000288401
0.34782 0.00650459 0.000289481
0.348048 0.00648556 0.000286492
0.348277 0.00645088 0.000289214
0.348505 0.0069059 0.00028683
0.348734 0.00716857 0.000288566
0.348962 0.00668194 0.000288799
0.34919 0.00630182 0.000286103
0.349419 0.00615379 0.000289669
0.349647 0.00623547 0.000287166
0.349876 0.00656869 0.000289007
0.350104 0.00675742 0.000288257
0.350332 0.00646258 0.000286526
0.350561 0.00638692 0.00028983
0.350789 0.00654178 0.000288108
0.351017 0.00666922 0.000287829
0.351246 0.00629376 0.000288687
0.351474 0.00605018 0.000287516
0.351703 0.00638152 0.00028928
0.351931 0.00643479 0.000288392
0.352159 0.00650144 0.000287932
0.352388 0.00688598 0.000288544
0.352616 0.00685537 0.000287866
0.352845 0.00634819 0.000289012
0.353073 0.00608147 0.000287721
0.353301 0.00601988 0.00028836
0.35353 0.00606622 0.000288421
0.353758 0.00622757 0.000289052
0.353986 0.0060925 0.000287493
0.354215 0.00607566 0.000289044
0.354443 0.00625712 0.000288177
0.354672 0.00590888 0.000288399
0.3549 0.00588072 0.000288883
0.355128 0.0057771 0.00028832
0.355357 0.00584397 0.000290113
0.355585 0.0057974 0.000288266
0.355814 0.0060463 0.00028784
0.356042 0.00597366 0.000289129
0.35627 0.00588732 0.000288453
0.356499 0.00608969 0.000290334
0.356727 0.00654888 0.000290458
0.356955 0.00625549 0.000287026
0.357184 0.00593006 0.00028979
0.357412 0.00584648 0.000288008
0.357641 0.00589917 0.000289466
0.357869 0.00585392 0.000289304
0.358097 0.00622954 0.00028856
0.358326 0.00611554 0.000290454
0.358554 0.00611643 0.000288116
0.358783 0.00590688 0.000289542
0.359011 0.00580176 0.000289723
0.359239 0.00551689 0.000289113
0.359468 0.00543658 0.000290849
0.359696 0.00576656 0.000288527
0.359924 0.00582817 0.000288801
0.360153 0.00604774 0.000289906
0.360381 0.00602851 0.000290138
0.36061 0.00621553 0.000290148
0.360838 0.00642046 0.000289713
0.361066 0.00623548 0.000290023
0.361295 0.00567814 0.000289522
0.361523 0.00606409 0.000290529
0.361751 0.00618817 0.000288592
0.36198 0.00636051 0.000290939
0.362208 0.00617488 0.000290821
0.362437 0.0061517 0.000290049
0.362665 0.0063545 0.00029048
0.362893 0.00644651 0.000288693
0.363122 0.00585731 0.000291527
0.36335 0.00574324 0.000290064
0.363579 0.00583924 0.000289822
0.363807 0.00602956 0.000290999
0.364035 0.00603048 0.000288932
0.364264 0.00555334 0.000290742
0.364492 0.00526556 0.000290677
0.36472 0.00570199 0.000289421
0.364949 0.0057971 0.000291559
0.365177 0.00574299 0.000290071
0.365406 0.0057195 0.000290332
0.365634 0.0059569 0.000290004
0.365862 0.00544811 0.000289762
0.366091 0.00554871 0.000291529
0.366319 0.00639378 0.000289727
0.366548 0.00625127 0.000290143
0.366776 0.00591966 0.00029132
0.367004 0.00562337 0.000290273
0.367233 0.00597681 0.000291554
0.367461 0.00586562 0.000291297
0.367689 0.00570359 0.000290517
0.367918 0.00619023 0.000292444
0.368146 0.00609054 0.000290763
0.368375 0.00596036 0.000291356
0.368603 0.00615917 0.000290936
0.368831 0.00583578 0.000290518
0.36906 0.0058125 0.000292382
0.369288 0.00577649 0.000290612
0.369517 0.00587082 0.000291552
0.369745 0.00580921 0.000291661
0.369973 0.00561921 0.000291011
0.370202 0.00561577 0.000292166
0.37043 0.00596448 0.000291909
0.370658 0.00596831 0.000290818
0.370887 0.00561949 0.000293179
0.371115 0.00525073 0.000290924
0.371344 0.00522916 0.000292114
0.371572 0.00536419 0.000292119
0.3718 0.00572461 0.000291682
0.372029 0.00607981 0.000292813
0.372257 0.00637429 0.00029178
0.372485 0.0058916 0.000291041
0.372714 0.00584998 0.000292249
0.372942 0.0056709 0.00029197
0.373171 0.00577311 0.0002926
0.373399 0.00581876 0.000291858
0.373627 0.00565976 0.000291976
0.373856 0.00570959 0.000293576
0.374084 0.00628352 0.000291377
0.374313 0.006409 0.000292509
0.374541 0.00593178 0.000292994
0.374769 0.00585727 0.00029285
0.374998 0.00581343 0.00029284
0.375226 0.00605129 0.000292473
0.375454 0.00570372 0.000291964
0.375683 0.00560578 0.000293812
0.375911 0.00578459 0.000292993
0.37614 0.00588852 0.000293212
0.376368 0.0058891 0.000293399
0.376596 0.00559323 0.000292752
0.376825 0.00558942 0.000294623
0.377053 0.00560921 0.00029293
0.377282 0.00566378 0.000293836
0.37751 0.00553049 0.000294312
0.377738 0.00580962 0.000293537
0.377967 0.0056026 0.000293648
0.378195 0.00534173 0.000293676
0.378423 0.00594182 0.00029307
0.378652 0.00576356 0.000295167
0.37888 0.0060676 0.000294332
0.379109 0.00655911 0.000294429
0.379337 0.0062479 0.000294708
0.379565 0.00578133 0.000293883
0.379794 0.00574072 0.000294978
0.380022 0.00573573 0.0002937
0.380251 0.00573232 0.000294872
0.380479 0.00610737 0.00029552
0.380707 0.00602687 0.000294992
0.380936 0.00631939 0.000294889
0.381164 0.0064206 0.000295
0.381392 0.00594106 0.000294254
0.381621 0.00567063 0.000295686
0.381849 0.00601158 0.000294182
0.382078 0.00617847 0.000295297
0.382306 0.00614766 0.000295444
0.382534 0.00582244 0.000295279
0.382763 0.00582846 0.000296076
0.382991 0.00610308 0.000295119
0.38322 0.00598973 0.00029628
0.383448 0.0058135 0.000296659
0.383676 0.00582997 0.000295511
0.383905 0.00593442 0.000295812
0.384133 0.00604677 0.000295861
0.384361 0.0061859 0.00029563
0.38459 0.00596213 0.000297091
0.384818 0.0059404 0.000295039
0.385047 0.00582803 0.000295742
0.385275 0.00588951 0.000296322
0.385503 0.00581247 0.000295618
0.385732 0.00547231 0.00029612
0.38596 0.00526071 0.000296484
0.386188 0.00553758 0.000296086
0.386417 0.00579793 0.000297386
0.386645 0.00568117 0.000296367
0.386874 0.00545064 0.000297002
0.387102 0.00551608 0.00029715
0.38733 0.00550648 0.000296179
0.387559 0.00520898 0.000297629
0.387787 0.0055631 0.000296737
0.388016 0.00540433 0.00029717
0.388244 0.00559704 0.000297678
0.388472 0.00573453 0.000297386
0.388701 0.00574369 0.000297633
0.388929 0.00564773 0.000298427
0.389157 0.00571619 0.000297303
0.389386 0.00608797 0.000298702
0.389614 0.00587 0.000296962
0.389843 0.00565038 0.000297902
0.390071 0.00556784 0.000298832
0.390299 0.00559357 0.000298017
0.390528 0.0055524 0.000299027
0.390756 0.00600606 0.000297583
0.390985 0.00592021 0.000298701
0.391213 0.00553824 0.000299378
0.391441 0.00531172 0.000298176
0.39167 0.00538564 0.000298948
0.391898 0.00546356 0.000299697
0.392126 0.00528099 0.000299106
0.392355 0.00545478 0.00030016
0.392583 0.00571887 0.000298282
0.392812 0.00553913 0.000299327
0.39304 0.00550839 0.000300131
0.393268 0.0053648 0.000299848
0.393497 0.00561622 0.000300337
0.393725 0.00566737 0.000298713
0.393954 0.00520622 0.000300423
0.394182 0.0056045 0.000300733
0.39441 0.0059725 0.000299838
0.394639 0.00580064 0.000300556
0.394867 0.00573288 0.000300803
0.395095 0.00587268 0.000300299
0.395324 0.00606712 0.000301591
0.395552 0.00586898 0.000300227
0.395781 0.00567089 0.00030159
0.396009 0.00557892 0.000302776
0.396237 0.00532022 0.000301561
0.396466 0.0056687 0.000301274
0.396694 0.00592092 0.00030165
0.396922 0.00569946 0.000301136
0.397151 0.00552539 0.000302718
0.397379 0.00584824 0.000302353
0.397608 0.00542277 0.000303094
0.397836 0.00516832 0.000303364
0.398064 0.00487389 0.00030191
0.398293 0.00512259 0.000302909
0.398521 0.00529617 0.000301728
0.39875 0.0051724 0.000303393
0.398978 0.0055493 0.000304437
0.399206 0.00568141 0.000302726
0.399435 0.00559111 0.000303102
0.399663 0.00510394 0.000304592
0.399891 0.0052127 0.00030385
0.40012 0.00518089 0.00030448
0.400348 0.00531729 0.000302953
0.400577 0.00470583 0.000304032
0.400805 0.00502288 0.000304534
0.401033 0.00533136 0.000304104
0.401262 0.00543356 0.000305277
0.40149 0.00579816 0.000304011
0.401719 0.00521824 0.000305178
0.401947 0.00515169 0.000305578
0.402175 0.00528059 0.000303428
0.402404 0.00492217 0.000304727
0.402632 0.00489137 0.000306383
0.40286 0.00568277 0.00030486
0.403089 0.00548414 0.000306361
0.403317 0.00528749 0.00030453
0.403546 0.00484407 0.000305891
0.403774 0.00460128 0.000306287
0.404002 0.00464263 0.000305153
0.404231 0.00504102 0.000306181
0.404459 0.00521867 0.000305767
0.404688 0.00497926 0.000307371
0.404916 0.00486817 0.000307323
0.405144 0.00546208 0.000305336
0.405373 0.00590279 0.000306772
0.405601 0.00604999 0.000307757
0.405829 0.0055252 0.000307034
0.406058 0.00553281 0.000307703
0.406286 0.00559287 0.000305821
0.406515 0.00551606 0.000307513
0.406743 0.00541272 0.000309059
0.406971 0.00553919 0.000307528
0.4072 0.00544859 0.000309108
0.407428 0.00540014 0.0003078
0.407657 0.00550367 0.000309008
0.407885 0.0050097 0.000308797
0.408113 0.00475424 0.000307314
0.408342 0.00417588 0.000310108
0.40857 0.00434117 0.000310384
0.408798 0.00519107 0.000309482
0.409027 0.0053791 0.000310003
0.409255 0.00545796 0.000308337
0.409484 0.00533922 0.000310236
0.409712 0.00525723 0.000311393
0.40994 0.00511871 0.000310532
0.410169 0.00548924 0.000311137
0.410397 0.00526651 0.000311459
0.410625 0.00464789 0.000311324
0.410854 0.00444659 0.000312226
0.411082 0.00486587 0.000310747
0.411311 0.00476102 0.000312329
0.411539 0.00479529 0.000313238
0.411767 0.00471373 0.000311609
0.411996 0.00453083 0.000312477
0.412224 0.00483864 0.000311934
0.412453 0.00462209 0.000314049
0.412681 0.0045708 0.000314276
0.412909 0.00477864 0.000312302
0.413138 0.00479971 0.000313492
0.413366 0.00499362 0.000314178
0.413594 0.00481284 0.000313298
0.413823 0.00494487 0.000314839
0.414051 0.00495997 0.000313724
0.41428 0.00517882 0.000315631
0.414508 0.00562342 0.000316524
0.414736 0.00565357 0.000314608
0.414965 0.00573863 0.000314769
0.415193 0.00526049 0.000315141
0.415422 0.00549986 0.000316879
0.41565 0.00521551 0.000316942
0.415878 0.00523696 0.000314783
0.416107 0.0050702 0.000316711
0.416335 0.0050555 0.000316933
0.416563 0.00502912 0.000316459
0.416792 0.00505002 0.000317431
0.41702 0.00438264 0.000316274
0.417249 0.0044328 0.000318253
0.417477 0.0048119 0.000318763
0.417705 0.00478299 0.000316994
0.417934 0.00517233 0.000318379
0.418162 0.00513581 0.000318842
0.418391 0.00490763 0.000320392
0.418619 0.00498237 0.000319812
0.418847 0.00527319 0.000317318
0.419076 0.00552728 0.000319659
0.419304 0.00586427 0.00032001
0.419532 0.00565086 0.000318759
0.419761 0.00541793 0.00032037
0.419989 0.00526573 0.000320291
0.420218 0.00541532 0.000321086
0.420446 0.00559573 0.000320928
0.420674 0.0054178 0.000319177
0.420903 0.00512991 0.000321006
0.421131 0.00500081 0.000322626
0.421359 0.00504714 0.000321308
0.421588 0.00511507 0.000322523
0.421816 0.00483797 0.000320759
0.422045 0.00460369 0.000322508
0.422273 0.00513976 0.000323358
0.422501 0.00516369 0.000321939
0.42273 0.00510034 0.000322518
0.422958 0.00487558 0.000322624
0.423187 0.00503857 0.000323949
0.423415 0.00520058 0.000323462
0.423643 0.00548014 0.000322449
0.423872 0.00550538 0.000324827
0.4241 0.00516256 0.000325469
0.424328 0.00494046 0.000324636
0.424557 0.00529734 0.000325372
0.424785 0.00526407 0.000324203
0.425014 0.00547634 0.000325647
0.425242 0.00538052 0.000326993
0.42547 0.00499874 0.00032573
0.425699 0.00519942 0.000327386
0.425927 0.00578677 0.000326028
0.426156 0.0053931 0.000327413
0.426384 0.00498756 0.00032768
0.426612 0.00519523 0.000326481
0.426841 0.0053694 0.00032831
0.427069 0.00478367 0.000329864
0.427297 0.00429224 0.000327457
0.427526 0.00501412 0.000329178
0.427754 0.00489209 0.000328293
0.427983 0.00477826 0.000329419
0.428211 0.00536742 0.00032973
0.428439 0.00548561 0.000328578
0.428668 0.00548976 0.000330351
0.428896 0.00552506 0.000329611
0.429125 0.00511538 0.000332128
0.429353 0.00475907 0.000332658
0.429581 0.00498243 0.000331061
0.42981 0.00483913 0.00033393
0.430038 0.00521953 0.000335411
0.430266 0.00533189 0.000334293
0.430495 0.00564798 0.000335913
0.430723 0.0051887 0.000335617
0.430952 0.00537593 0.000337596
0.43118 0.00528336 0.000338363
0.431408 0.00549908 0.000336169
0.431637 0.00557231 0.000338318
0.431865 0.00560076 0.000337101
0.432094 0.00534561 0.000340022
0.432322 0.00491913 0.000339779
0.43255 0.00522449 0.000339892
0.432779 0.0053978 0.000341772
0.433007 0.0055857 0.000341496
0.433235 0.00541643 0.000340302
0.433464 0.00503043 0.000342009
0.433692 0.00454027 0.000341444
0.433921 0.00503991 0.00034322
0.434149 0.00488294 0.000344301
0.434377 0.00475093 0.000343671
0.434606 0.0050793 0.000344716
0.434834 0.00568582 0.00034537
0.435062 0.00548213 0.000344259
0.435291 0.0053642 0.00034622
0.435519 0.00560473 0.000345529
0.435748 0.00515972 0.000346251
0.435976 0.00462139 0.00034695
0.436204 0.00437759 0.000346562
0.436433 0.00504662 0.000349064
0.436661 0.00600523 0.000348667
0.43689 0.00591999 0.000350178
0.437118 0.00570534 0.000349831
0.437346 0.00529914 0.000348342
0.437575 0.0054477 0.000349552
0.437803 0.00530136 0.000351223
0.438031 0.00508564 0.000350667
0.43826 0.00483143 0.000353493
0.438488 0.00504048 0.000352287
0.438717 0.00537794 0.0003532
0.438945 0.00522002 0.000354059
0.439173 0.00531947 0.000353423
0.439402 0.00564948 0.000354687
0.43963 0.00510572 0.000353843
0.439859 0.00505589 0.000356066
0.440087 0.00488688 0.000356579
0.440315 0.00454336 0.000354712
0.440544 0.00497882 0.000356571
0.440772 0.00474542 0.000358152
0.441 0.00453313 0.000357068
0.441229 0.00467282 0.000358762
0.441457 0.00463158 0.00035725
0.441686 0.00473791 0.000357959
0.441914 0.00454522 0.000359182
0.442142 0.00542396 0.000359578
0.442371 0.0054687 0.00036191
0.442599 0.00536189 0.000360836
0.442828 0.00506218 0.000361633
0.443056 0.00529744 0.000362871
0.443284 0.00468957 0.000361823
0.443513 0.00448654 0.000364116
0.443741 0.00457166 0.000365309
0.443969 0.00462626 0.000364802
0.444198 0.00447394 0.000367743
0.444426 0.00482479 0.000366043
0.444655 0.0048157 0.000369069
0.444883 0.00450834 0.000369897
0.445111 0.00465218 0.000369594
0.44534 0.00489279 0.000372126
0.445568 0.0047924 0.000372382
0.445796 0.00465909 0.00037253
