0.0185 0.869683
0.0200 0.794456
0.0205 0.832428
0.0210 0.793361
0.0215 0.756794
0.0220 0.789178
0.0225 0.7544
0.0230 0.782694
0.0235 0.749828
0.0240 0.718828
0.0245 0.760978
0.0250 0.730922
0.0255 0.702467
0.0260 0.72325
0.0265 0.696144
0.0270 0.714678
0.0275 0.688861
0.0280 0.664539
0.0285 0.681
0.0290 0.657656
0.0295 0.635611
0.0300 0.6502
0.0305 0.629
0.0310 0.664572
0.0315 0.622133
0.0320 0.602794
0.0325 0.624844
0.0330 0.6061
0.0335 0.588094
0.0340 0.589478
0.0345 0.572556
0.0350 0.556272
0.0355 0.557733
0.0360 0.542306
0.0365 0.551676
0.0370 0.536827
0.0375 0.522571
0.0380 0.523757
0.0385 0.510206
0.0390 0.497242
0.0395 0.505266
0.0396 0.513866
0.0400 0.492747
0.0403 0.510008
0.0405 0.500182
0.0409 0.515749
0.0409 0.506124
0.0410 0.488089
0.0415 0.476368
0.0420 0.471186
0.0425 0.460136
0.0430 0.482786
0.0430 0.449526
0.0435 0.450529
0.0440 0.440375
0.0445 0.430509
0.0446 0.457666
0.0450 0.450854
0.0450 0.431583
0.0455 0.422125
0.0460 0.418077
0.0465 0.409111
0.0467 0.423702
0.0470 0.400475
0.0475 0.396853
0.0480 0.388607
0.0484 0.399217
0.0485 0.380614
0.0487 0.398243
0.0490 0.381816
0.0495 0.374121
0.0500 0.370973
0.0504 0.380443
0.0505 0.363644
0.0510 0.356568
0.0514 0.361494
0.0515 0.34966
0.0520 0.342986
0.0521 0.354177
0.0525 0.336467
0.0530 0.322551
0.0530 0.356819
0.0534 0.343979
0.0535 0.350163
0.0535 0.316534
0.0540 0.343726
0.0540 0.310715
0.0545 0.326629
0.0550 0.320733
0.0555 0.318437
0.0558 0.327514
0.0560 0.312791
0.0565 0.307293
0.0570 0.305205
0.0571 0.315472
0.0575 0.299934
0.0580 0.294772
0.0585 0.305394
0.0590 0.300227
0.0591 0.300366
0.0595 0.295215
0.0600 0.281389
0.0605 0.276769
0.0610 0.280862
0.0615 0.276326
0.0620 0.271876
0.0622 0.257832
0.0625 0.240152
0.0625 0.267531
0.0629 0.249622
0.0630 0.263313
0.0630 0.236365
0.0632 0.246954
0.0632 0.245606
0.0635 0.259172
0.0635 0.232648
0.0640 0.255149
0.0640 0.229037
0.0645 0.251198
0.0645 0.22549
0.0645 0.240576
0.0650 0.252421
0.0655 0.248572
0.0660 0.244829
0.0665 0.24599
0.0665 0.219386
0.0669 0.231049
0.0670 0.242342
0.0670 0.216132
0.0675 0.238774
0.0675 0.212951
0.0679 0.225356
0.0679 0.211442
0.0680 0.214449
0.0680 0.235267
0.0685 0.231836
0.0685 0.211321
0.0686 0.216402
0.0689 0.2109
0.0690 0.208278
0.0690 0.228497
0.0695 0.216372
0.0700 0.213283
0.0703 0.211532
0.0705 0.223188
0.0705 0.203821
0.0710 0.206459
0.0710 0.200952
0.0710 0.220048
0.0715 0.198159
0.0715 0.216989
0.0716 0.222427
0.0720 0.218104
0.0720 0.197472
0.0723 0.205988
0.0725 0.194751
0.0725 0.215098
0.0726 0.207118
0.0727 0.193933
0.0730 0.212169
0.0730 0.192099
0.0733 0.216279
0.0733 0.208303
0.0735 0.191481
0.0735 0.2093
0.0740 0.202553
0.0740 0.196681
0.0740 0.195712
0.0740 0.206474
0.0740 0.188895
0.0743 0.211381
0.0745 0.203719
0.0746 0.205628
0.0750 0.201004
0.0755 0.198344
0.0756 0.203893
0.0760 0.204864
0.0760 0.192047
0.0763 0.203974
0.0764 0.180097
0.0764 0.180097
0.0765 0.189538
0.0767 0.180338
0.0770 0.187091
0.0774 0.181674
0.0775 0.188239
0.0780 0.18584
0.0785 0.183474
0.0790 0.167456
0.0790 0.184593
0.0790 0.174848
0.0795 0.182272
0.0795 0.16535
0.0800 0.183349
0.0800 0.166637
0.0805 0.181072
0.0805 0.164568
0.0810 0.17885
0.0810 0.162548
0.0815 0.173448
0.0815 0.155734
0.0817 0.169071
0.0817 0.169071
0.0817 0.168278
0.0818 0.162679
0.0820 0.171333
0.0820 0.153836
0.0825 0.151972
0.0825 0.169257
0.0830 0.17344
0.0830 0.159467
0.0834 0.176138
0.0835 0.171363
0.0835 0.157558
0.0840 0.169335
0.0840 0.155693
0.0841 0.158186
0.0845 0.150932
0.0845 0.146443
0.0845 0.146443
0.0845 0.155348
0.0845 0.167332
0.0848 0.171313
0.0850 0.153531
0.0850 0.165374
0.0851 0.162564
0.0855 0.147346
0.0855 0.163441
0.0858 0.157106
0.0858 0.156384
0.0860 0.145643
0.0860 0.161551
0.0865 0.159683
0.0865 0.143959
0.0868 0.165527
0.0870 0.147966
0.0870 0.16351
0.0875 0.161642
0.0875 0.146276
0.0880 0.159815
0.0880 0.144622
0.0881 0.156361
0.0881 0.152228
0.0885 0.155278
0.0885 0.141623
0.0888 0.160777
0.0890 0.140041
0.0890 0.153543
0.0895 0.145152
0.0895 0.153163
0.0900 0.151471
0.0900 0.143548
0.0905 0.152863
0.0905 0.141962
0.0905 0.149797
0.0910 0.140411
0.0910 0.149451
0.0912 0.155113
0.0912 0.15318
0.0912 0.144177
0.0915 0.138876
0.0915 0.147818
0.0920 0.137374
0.0920 0.14622
0.0925 0.144639
0.0925 0.13339
0.0929 0.142082
0.0929 0.138976
0.0930 0.131963
0.0930 0.143092
0.0935 0.144009
0.0935 0.131775
0.0935 0.140032
0.0939 0.139032
0.0940 0.132802
0.0940 0.142486
0.0942 0.133216
0.0942 0.127198
0.0942 0.125393
0.0945 0.131396
0.0945 0.140978
0.0950 0.139502
0.0955 0.138041
0.0960 0.13661
0.0965 0.139797
0.0965 0.130608
0.0966 0.125059
0.0970 0.129261
0.0970 0.138355
0.0975 0.127942
0.0975 0.136943
0.0976 0.140436
0.0980 0.116613
0.0980 0.125523
0.0983 0.121349
0.0985 0.124248
0.0985 0.115429
0.0989 0.132799
0.0990 0.135004
0.0990 0.126273
0.0990 0.116452
0.0995 0.115282
0.0995 0.133647
0.0995 0.125004
0.0996 0.118612
0.1000 0.132317
0.1000 0.114135
0.1000 0.123761
0.1005 0.133126
0.1005 0.124654
0.1005 0.114064
0.1010 0.131807
0.1010 0.123419
0.1010 0.112934
0.1013 0.116778
0.1013 0.115732
0.1015 0.111828
0.1015 0.130516
0.1015 0.122209
0.1016 0.125312
0.1020 0.124481
0.1020 0.129236
0.1020 0.118955
0.1023 0.115496
0.1025 0.1178
0.1025 0.127981
0.1026 0.124877
0.1030 0.120531
0.1030 0.116656
0.1030 0.126738
0.1035 0.110542
0.1035 0.121526
0.1040 0.122644
0.1040 0.120357
0.1040 0.109479
0.1045 0.114314
0.1045 0.125088
0.1050 0.113225
0.1050 0.123896
0.1053 0.116624
0.1055 0.122728
0.1055 0.112157
0.1060 0.117762
0.1060 0.106339
0.1065 0.116662
0.1065 0.105346
0.1067 0.112278
0.1070 0.115571
0.1070 0.104361
0.1070 0.108306
0.1075 0.114501
0.1080 0.113441
0.1081 0.10629
0.1085 0.109675
0.1085 0.102406
0.1090 0.108668
0.1090 0.0996656
0.1095 0.107676
0.1095 0.098755
0.1097 0.10304
0.1098 0.101709
0.1100 0.106702
0.1100 0.0987461
0.1100 0.112889
0.1100 0.116524
0.1101 0.105053
0.1105 0.105741
0.1105 0.111872
0.1105 0.0978567
0.1110 0.104788
0.1110 0.110864
0.1110 0.096975
0.1111 0.106609
0.1111 0.100548
0.1115 0.0935239
0.1115 0.109869
0.1120 0.0926928
0.1120 0.108893
0.1125 0.0918683
0.1125 0.107925
0.1128 0.106381
0.1128 0.103858
0.1128 0.101337
0.1130 0.0860339
0.1130 0.0935728
0.1130 0.101111
0.1130 0.108649
0.1131 0.103657
0.1131 0.0965628
0.1132 0.0886383
0.1135 0.0939139
0.1135 0.10022
0.1135 0.0927478
0.1135 0.0852756
0.1135 0.107692
0.1138 0.105319
0.1138 0.09954
0.1138 0.0983017
0.1138 0.0933561
0.1140 0.0927611
0.1140 0.102637
0.1141 0.0928028
0.1145 0.0919506
0.1145 0.10174
0.1148 0.0965739
0.1150 0.091155
0.1150 0.100859
0.1151 0.0960111
0.1154 0.113089
0.1154 0.103461
0.1155 0.108008
0.1155 0.0999906
0.1158 0.10206
0.1160 0.107077
0.1160 0.0991278
0.1165 0.104028
0.1165 0.0982767
0.1165 0.106157
0.1168 0.112051
0.1170 0.108379
0.1170 0.101347
0.1171 0.104003
0.1175 0.107462
0.1175 0.100489
0.1178 0.103971
0.1180 0.108087
0.1180 0.0996367
0.1184 0.111164
0.1185 0.0987956
0.1185 0.0911789
0.1185 0.107174
0.1185 0.0947939
0.1190 0.106278
0.1190 0.0904167
0.1190 0.0979694
0.1195 0.109133
0.1195 0.100145
0.1195 0.0919067
0.1198 0.101227
0.1198 0.0986233
0.1198 0.0960161
0.1200 0.0911444
0.1200 0.108228
0.1200 0.0993144
0.1202 0.0903028
0.1205 0.09849
0.1205 0.0903872
0.1205 0.107329
0.1208 0.106858
0.1208 0.103191
0.1208 0.102828
0.1208 0.101729
0.1210 0.0976794
0.1210 0.0918356
0.1210 0.08453
0.1215 0.0910794
0.1215 0.0838339
0.1215 0.096875
0.1220 0.08315
0.1220 0.096085
0.1220 0.0903361
0.1225 0.0981511
0.1225 0.086035
0.1225 0.0924489
0.1230 0.0853389
0.1230 0.0973567
0.1230 0.0917011
0.1235 0.0965678
0.1235 0.0846472
0.1235 0.0895556
0.1240 0.0957928
0.1240 0.0839678
0.1240 0.0888367
0.1242 0.0865794
0.1245 0.0832928
0.1245 0.0881228
0.1245 0.0950228
0.1246 0.0861128
0.1246 0.084735
0.1246 0.0823294
0.1246 0.0792344
0.1250 0.0812606
0.1250 0.0976889
0.1250 0.0915283
0.1255 0.0806161
0.1255 0.0908022
0.1255 0.0969139
0.1255 0.0982783
0.1259 0.0984233
0.1260 0.0799756
0.1260 0.0900811
0.1260 0.0961444
0.1263 0.086165
0.1265 0.0893683
0.1265 0.0927106
0.1270 0.0919839
0.1270 0.0886683
0.1275 0.0879761
0.1275 0.0919239
0.1275 0.103767
0.1275 0.0985033
0.1280 0.091205
0.1280 0.0872883
0.1280 0.102956
0.1280 0.0977333
0.1282 0.100678
0.1282 0.0987294
0.1282 0.0961283
0.1282 0.0948261
0.1282 0.0928794
0.1285 0.0866083
0.1285 0.0969722
0.1285 0.102154
0.1285 0.090495
0.1289 0.0877322
0.1290 0.0840122
0.1290 0.0756567
0.1290 0.0942956
0.1293 0.09079
0.1293 0.0837578
0.1293 0.0818439
0.1293 0.080565
0.1293 0.0783322
0.1293 0.0770539
0.1295 0.0935667
0.1295 0.0833628
0.1295 0.0750717
0.1297 0.07475
0.1297 0.0734822
0.1297 0.0715783
0.1300 0.0928506
0.1300 0.0827244
0.1300 0.0744972
0.1303 0.0856044
0.1305 0.0827217
0.1305 0.0864894
0.1305 0.0758133
0.1306 0.0892311
0.1307 0.0779711
0.1309 0.0887739
0.1310 0.0785022
0.1310 0.0820894
0.1310 0.0752339
0.1310 0.0858289
0.1313 0.0787161
0.1315 0.0746611
0.1315 0.081465
0.1315 0.0851756
0.1320 0.0806689
0.1320 0.0931272
0.1320 0.0771672
0.1320 0.0833061
0.1323 0.0881878
0.1323 0.07843
0.1325 0.0924239
0.1325 0.0826767
0.1325 0.0765844
0.1329 0.0939439
0.1330 0.085785
0.1330 0.0832672
0.1330 0.0729883
0.1330 0.07843
0.1330 0.0905228
0.1333 0.0886567
0.1335 0.0724411
0.1335 0.0826428
0.1335 0.0898444
0.1335 0.0778417
0.1336 0.0879111
0.1336 0.08731
0.1337 0.0804378
0.1340 0.0833039
0.1340 0.0719028
0.1340 0.0820289
0.1340 0.0891767
0.1340 0.0772633
0.1340 0.075575
0.1345 0.07728
0.1345 0.0684117
0.1345 0.0826011
0.1345 0.0873306
0.1346 0.0907172
0.1350 0.0866867
0.1350 0.0819922
0.1350 0.07671
0.1350 0.0679072
0.1350 0.0747361
0.1351 0.0726889
0.1351 0.0718111
0.1355 0.0860467
0.1355 0.0813867
0.1355 0.0674056
0.1355 0.0761439
0.1360 0.0778994
0.1360 0.0854167
0.1360 0.0674906
0.1360 0.0828594
0.1360 0.0825694
0.1363 0.08216
0.1364 0.0801506
0.1364 0.0726889
0.1365 0.0773283
0.1365 0.0847906
0.1365 0.0669956
0.1370 0.0767661
0.1370 0.0665089
0.1370 0.0836044
0.1371 0.0765178
0.1371 0.0694189
0.1374 0.0704917
0.1374 0.0679483
0.1375 0.0620672
0.1375 0.0829989
0.1375 0.0762106
0.1375 0.0677244
0.1380 0.0823972
0.1380 0.0616172
0.1380 0.0756578
0.1380 0.0672333
0.1381 0.0779211
0.1381 0.0745611
0.1381 0.0720406
0.1381 0.0636522
0.1381 0.0633717
0.1384 0.0839544
0.1385 0.067305
0.1385 0.0812444
0.1385 0.0751111
0.1387 0.0777189
0.1388 0.0721739
0.1390 0.0668233
0.1390 0.0745733
0.1390 0.0806622
0.1394 0.07175
0.1395 0.0681822
0.1395 0.0740383
0.1395 0.0800839
0.1395 0.0663439
0.1397 0.0782344
0.1398 0.0716767
0.1400 0.0658717
0.1400 0.0822428
0.1400 0.07624
0.1400 0.0691461
0.1401 0.0751389
0.1405 0.0686533
0.1405 0.0654028
0.1405 0.0816567
0.1405 0.0756972
0.1408 0.0671494
0.1410 0.0681689
0.1410 0.0751622
0.1410 0.08108
0.1410 0.0649411
0.1411 0.0775478
0.1411 0.072185
0.1415 0.0799728
0.1415 0.0746311
0.1415 0.0698233
0.1418 0.0765444
0.1420 0.0693339
0.1420 0.0741078
0.1420 0.0794117
0.1421 0.0711594
0.1425 0.0841211
0.1425 0.0720067
0.1425 0.0688467
0.1428 0.0686578
0.1430 0.0715056
0.1430 0.0647061
0.1430 0.0835356
0.1431 0.0764111
0.1431 0.0764111
0.1431 0.074325
0.1431 0.0698967
0.1432 0.06573
0.1432 0.0644289
0.1432 0.0628672
0.1432 0.0618278
0.1435 0.0642544
0.1435 0.0710067
0.1435 0.0829528
0.1437 0.0811206
0.1437 0.0803444
0.1437 0.0803444
0.1438 0.0782761
0.1438 0.0720794
0.1440 0.0679367
0.1440 0.0705161
0.1440 0.0787683
0.1441 0.0768811
0.1441 0.0730256
0.1442 0.0660922
0.1444 0.0749872
0.1444 0.0742194
0.1445 0.0674661
0.1445 0.0700272
0.1445 0.0782228
0.1450 0.0670028
0.1450 0.0695467
0.1450 0.0776856
0.1451 0.0709972
0.1452 0.0684644
0.1455 0.0665422
0.1455 0.06149
0.1455 0.0751306
0.1455 0.0690683
0.1460 0.0685972
0.1460 0.0660883
0.1460 0.0610706
0.1460 0.0746183
0.1462 0.0595317
0.1465 0.0741083
0.1465 0.0656367
0.1465 0.0681283
0.1465 0.0606533
0.1465 0.0672067
0.1468 0.0711067
0.1469 0.0597278
0.1470 0.0716267
0.1470 0.0681617
0.1470 0.0567778
0.1472 0.0628989
0.1472 0.0626517
0.1472 0.06216
0.1472 0.0601917
0.1475 0.0676994
0.1475 0.0711406
0.1475 0.0563922
0.1476 0.0547751
0.1479 0.0535516
0.1480 0.0716389
0.1480 0.0560133
0.1480 0.0594311
0.1480 0.0677322
0.1482 0.0707861
0.1482 0.064955
0.1482 0.0598561
0.1483 0.0569456
0.1483 0.0562178
0.1483 0.054521
0.1485 0.0711556
0.1485 0.0672756
0.1485 0.0590306
0.1485 0.0690133
0.1485 0.06732
0.1485 0.0663511
0.1489 0.0674956
0.1489 0.0634039
0.1490 0.0586361
0.1490 0.07068
0.1490 0.0668261
0.1492 0.0717472
0.1492 0.0619189
0.1492 0.0607217
0.1495 0.0663789
0.1495 0.0783422
0.1495 0.0735567
0.1499 0.0637367
0.1500 0.0778222
0.1500 0.0659378
0.1500 0.0730689
0.1501 0.0764639
0.1502 0.0743333
0.1502 0.0736222
0.1502 0.0686511
0.1503 0.0580156
0.1503 0.0580156
0.1505 0.0773072
0.1505 0.072585
0.1505 0.0655017
0.1506 0.0617544
0.1508 0.0722606
0.1509 0.0692106
0.1510 0.0636606
0.1510 0.0552169
0.1510 0.0706967
0.1510 0.0674128
0.1510 0.0599078
0.1512 0.0705378
0.1512 0.0619022
0.1515 0.0632422
0.1515 0.0702322
0.1515 0.0595139
0.1515 0.054854
0.1515 0.06697
0.1520 0.0702322
0.1520 0.0628256
0.1520 0.0544927
0.1520 0.0591222
0.1520 0.0665289
0.1523 0.0571717
0.1525 0.0697717
0.1525 0.0624133
0.1525 0.0587339
0.1525 0.0504558
0.1525 0.0660922
0.1525 0.0550547
0.1530 0.0566667
0.1530 0.0693172
0.1530 0.0620072
0.1530 0.0656622
0.1530 0.0583517
0.1530 0.0546964
0.1530 0.0501274
0.1530 0.0512017
0.1533 0.0525637
0.1535 0.0629667
0.1535 0.0597889
0.1535 0.06796
0.1537 0.0545897
0.1537 0.0532344
0.1539 0.0665033
0.1539 0.064025
0.1540 0.0625572
0.1540 0.0675183
0.1540 0.0594006
0.1545 0.0621517
0.1545 0.0590156
0.1545 0.0670806
0.1549 0.064525
0.1550 0.0564106
0.1550 0.0604172
0.1550 0.0626433
0.1550 0.0715467
0.1552 0.0739928
0.1552 0.0669
0.1555 0.0600306
0.1555 0.0622417
0.1555 0.0560494
0.1555 0.0710889
0.1556 0.0688161
0.1556 0.0679328
0.1556 0.0639644
0.1556 0.0635239
0.1559 0.0715922
0.1559 0.0698344
0.1559 0.0658833
0.1560 0.0618428
0.1560 0.059645
0.1560 0.0706322
0.1560 0.0556894
0.1565 0.0592633
0.1565 0.0627567
0.1565 0.0723639
0.1569 0.0678533
0.1569 0.0659011
0.1570 0.0568078
0.1570 0.0588878
0.1570 0.071905
0.1570 0.0623589
0.1570 0.0557261
0.1573 0.0673444
0.1573 0.0569939
0.1575 0.0774867
0.1575 0.0740372
0.1575 0.0628272
0.1575 0.0593778
0.1576 0.0659811
0.1577 0.0578217
0.1579 0.0725511
0.1579 0.0642033
0.1579 0.0642033
0.1580 0.0624289
0.1580 0.0769961
0.1580 0.0590017
0.1580 0.0735683
0.1582 0.075015
0.1582 0.0743772
0.1582 0.0728811
0.1583 0.05733
0.1585 0.0620367
0.1585 0.0731061
0.1585 0.0765122
0.1585 0.0586306
0.1585 0.0753328
0.1586 0.0695983
0.1586 0.0695983
0.1586 0.069385
0.1586 0.0672622
0.1590 0.0602211
0.1590 0.0578383
0.1590 0.0654539
0.1590 0.0616461
0.1590 0.0701078
0.1590 0.056
0.1593 0.0679572
0.1593 0.0631183
0.1595 0.0612594
0.1595 0.0650428
0.1595 0.0696678
0.1595 0.0574756
0.1600 0.0623778
0.1600 0.0646383
0.1600 0.0608778
0.1600 0.0692339
0.1600 0.0571178
0.1603 0.0587933
0.1605 0.0559333
0.1605 0.0638222
0.1605 0.0605006
0.1610 0.0601239
0.1610 0.0555856
0.1610 0.063425
0.1614 0.0570328
0.1615 0.0581111
0.1615 0.0544206
0.1615 0.0613917
0.1615 0.0646722
0.1620 0.0630522
0.1620 0.0601989
0.1620 0.0557456
0.1625 0.0626639
0.1625 0.0598283
0.1630 0.0522167
0.1630 0.05745
0.1630 0.0618783
0.1631 0.0542533
0.1635 0.0518969
0.1635 0.0614994
0.1635 0.0570983
0.1637 0.0534081
0.1640 0.0515818
0.1640 0.0611261
0.1640 0.0567517
0.1641 0.0543767
0.1644 0.0596817
0.1644 0.0551412
0.1645 0.0540347
0.1645 0.0512679
0.1645 0.0583822
0.1648 0.0521653
0.1650 0.0537086
0.1650 0.0509585
0.1650 0.05803
0.1655 0.0506502
0.1655 0.0533837
0.1655 0.0576789
0.1658 0.0497829
0.1658 0.0492009
0.1660 0.0476294
0.1660 0.0581094
0.1660 0.0511228
0.1660 0.0619906
0.1660 0.0553923
0.1664 0.0624772
0.1665 0.0488029
0.1665 0.0616178
0.1665 0.0508154
0.1665 0.0473431
0.1665 0.05776
0.1665 0.0550592
0.1667 0.0629933
0.1667 0.0601122
0.1670 0.0581822
0.1670 0.0470608
0.1670 0.0612506
0.1670 0.0505123
0.1671 0.0570017
0.1675 0.0508741
0.1675 0.0578367
0.1675 0.0498308
0.1675 0.0608861
0.1677 0.0591978
0.1678 0.0523742
0.1680 0.0574917
0.1680 0.0495339
0.1680 0.0605233
0.1681 0.053296
0.1684 0.0574061
0.1684 0.0532704
0.1685 0.0498887
0.1685 0.0552667
0.1685 0.0639311
0.1685 0.0699583
0.1685 0.0477327
0.1685 0.0601639
0.1685 0.0669444
0.1687 0.0684306
0.1688 0.0509978
0.1690 0.0705883
0.1690 0.0689061
0.1690 0.0549411
0.1690 0.0635544
0.1690 0.0474514
0.1690 0.0598094
0.1690 0.0695461
0.1690 0.06655
0.1690 0.0651667
0.1690 0.0646056
0.1694 0.0613694
0.1695 0.0546166
0.1695 0.0631789
0.1695 0.0661572
0.1695 0.0471712
0.1695 0.069135
0.1695 0.0594561
0.1698 0.0539057
0.1700 0.0539266
0.1700 0.0565172
0.1700 0.0476349
0.1701 0.0551658
0.1705 0.0473552
0.1705 0.056185
0.1705 0.0536099
0.1708 0.0565594
0.1708 0.0516221
0.1708 0.0505267
0.1708 0.0496133
0.1710 0.0657339
0.1710 0.0617106
0.1710 0.0470794
0.1710 0.0558578
0.1710 0.0532977
0.1712 0.0494172
0.1714 0.0664706
0.1715 0.0521232
0.1715 0.06535
0.1715 0.0624411
0.1715 0.0595322
0.1715 0.0529866
0.1715 0.0566228
0.1715 0.0478956
0.1717 0.0662089
0.1720 0.0591872
0.1720 0.0649717
0.1720 0.0620794
0.1720 0.0526798
0.1720 0.056295
0.1720 0.0476183
0.1722 0.0502761
0.1725 0.0502174
0.1725 0.0635167
0.1725 0.0473419
0.1725 0.0534522
0.1728 0.0577417
0.1728 0.0572056
0.1729 0.0439975
0.1729 0.0432853
0.1729 0.0423943
0.1729 0.0413249
0.1730 0.0470693
0.1730 0.0442104
0.1730 0.0531445
0.1730 0.0499283
0.1730 0.0631506
0.1731 0.0625039
0.1732 0.052001
0.1732 0.0486225
0.1732 0.0450697
0.1735 0.0496402
0.1735 0.0467977
0.1735 0.0439553
0.1735 0.0528378
0.1735 0.0627861
0.1735 0.0477254
0.1735 0.0470182
0.1736 0.045956
0.1738 0.0572478
0.1740 0.0627806
0.1740 0.0596011
0.1740 0.0535953
0.1740 0.0504158
0.1741 0.0601939
0.1741 0.0593139
0.1741 0.0580817
0.1741 0.0547379
0.1744 0.0639972
0.1745 0.0592589
0.1745 0.0501266
0.1745 0.0532877
0.1745 0.06242
0.1749 0.0508269
0.1750 0.062065
0.1750 0.0529845
0.1750 0.0589217
0.1750 0.0498413
0.1752 0.0548027
0.1755 0.0544177
0.1755 0.0544177
0.1755 0.0523366
0.1755 0.0617128
0.1755 0.0578928
0.1755 0.0514745
0.1758 0.0552442
0.1759 0.0512764
0.1760 0.0520388
0.1760 0.0575633
0.1760 0.0613617
0.1761 0.0600211
0.1761 0.0564078
0.1762 0.0541724
0.1762 0.0538291
0.1765 0.0517452
0.1765 0.0610156
0.1765 0.0644489
0.1765 0.0520827
0.1766 0.039434
0.1770 0.0442831
0.1770 0.0388208
0.1770 0.0497456
0.1770 0.06067
0.1770 0.0640844
0.1770 0.041552
0.1770 0.0524768
0.1770 0.0470143
0.1771 0.0622289
0.1771 0.0593361
0.1771 0.0584856
0.1771 0.0574644
0.1771 0.0572956
0.1772 0.0525361
0.1773 0.0377792
0.1775 0.0494664
0.1775 0.0386029
0.1775 0.0440346
0.1775 0.0467505
0.1775 0.0413189
0.1775 0.0521823
0.1775 0.06033
0.1775 0.0637244
0.1775 0.0530139
0.1776 0.0438823
0.1776 0.0420239
0.1780 0.0437869
0.1780 0.0404112
0.1780 0.0491882
0.1780 0.0464876
0.1780 0.0518888
0.1780 0.0569522
0.1780 0.0363604
0.1781 0.0645533
0.1781 0.0635422
0.1781 0.0605139
0.1781 0.0600089
0.1782 0.0539558
0.1782 0.0479107
0.1783 0.0452261
0.1783 0.0398631
0.1784 0.0621294
0.1784 0.0614578
0.1785 0.0606194
0.1785 0.0401857
0.1785 0.0489137
0.1785 0.0435426
0.1785 0.0566344
0.1785 0.0462282
0.1785 0.0515993
0.1786 0.0477292
0.1786 0.0432182
0.1789 0.0545492
0.1789 0.0525485
0.1789 0.0468844
0.1789 0.0460507
0.1790 0.0486401
0.1790 0.0432991
0.1790 0.0563178
0.1790 0.0513107
0.1790 0.0399609
0.1790 0.0459696
0.1792 0.05451
0.1795 0.0443867
0.1795 0.05003
0.1795 0.0417311
0.1795 0.0548015
0.1796 0.0478539
0.1796 0.0478539
0.1798 0.0555856
0.1799 0.0542657
0.1799 0.0452044
0.1800 0.0441397
0.1800 0.0497517
0.1800 0.0414989
0.1802 0.0573506
0.1805 0.0589383
0.1805 0.0494772
0.1805 0.0589978
0.1805 0.0438962
0.1805 0.04127
0.1806 0.0430703
0.1810 0.0567122
0.1810 0.0351651
0.1810 0.0403887
0.1810 0.0319004
0.1810 0.0492035
0.1810 0.0593239
0.1810 0.0377768
0.1812 0.0519979
0.1813 0.0461558
0.1814 0.036919
0.1814 0.0328739
0.1814 0.0320654
0.1815 0.0349722
0.1815 0.040167
0.1815 0.0489335
0.1815 0.0564011
0.1815 0.0589983
0.1815 0.0317253
0.1815 0.0375695
0.1816 0.0474379
0.1816 0.0450139
0.1818 0.0575806
0.1818 0.0572583
0.1820 0.0438816
0.1820 0.0422728
0.1820 0.0399461
0.1820 0.0502787
0.1820 0.0347798
0.1820 0.0551222
0.1820 0.0373628
0.1820 0.0315508
0.1820 0.0586739
0.1820 0.0371271
0.1821 0.0361637
0.1822 0.0531887
0.1824 0.0334688
0.1825 0.0416536
0.1825 0.0384423
0.1825 0.0500029
0.1825 0.0548197
0.1825 0.0583522
0.1826 0.0518715
0.1827 0.0341429
0.1828 0.0335048
0.1829 0.0531157
0.1830 0.044829
0.1830 0.0545214
0.1830 0.0414269
0.1830 0.0497308
0.1830 0.0382331
0.1830 0.0580344
0.1830 0.0406914
0.1830 0.0402153
0.1830 0.0391014
0.1832 0.0556211
0.1832 0.0533965
0.1835 0.0558139
0.1835 0.058355
0.1835 0.047555
0.1835 0.0418374
0.1835 0.0450138
0.1835 0.0500961
0.1835 0.0570006
0.1836 0.0516166
0.1837 0.0430775
0.1839 0.0504817
0.1840 0.0479593
0.1840 0.0472962
0.1840 0.0555099
0.1840 0.0580372
0.1840 0.0447689
0.1840 0.0498234
0.1840 0.0416097
0.1843 0.0499824
0.1845 0.0495531
0.1845 0.0445259
0.1845 0.0552087
0.1845 0.0577222
0.1845 0.0470396
0.1845 0.0413839
0.1846 0.0466706
0.1847 0.0457318
0.1849 0.049462
0.1850 0.0483696
0.1850 0.0454097
0.1850 0.0492863
0.1850 0.0539741
0.1852 0.0530118
0.1853 0.0503684
0.1855 0.0536842
0.1855 0.0490216
0.1856 0.0511144
0.1857 0.0460074
0.1857 0.0422974
0.1859 0.0555606
0.1860 0.0567961
0.1860 0.0543226
0.1860 0.0487577
0.1860 0.0515402
0.1862 0.0558206
0.1863 0.0493607
0.1863 0.0469036
0.1863 0.0442936
0.1865 0.0429611
0.1865 0.039886
0.1865 0.0512634
0.1865 0.0540309
0.1865 0.0564911
0.1865 0.0469584
0.1866 0.0517864
0.1870 0.0396736
0.1870 0.0537432
0.1870 0.0467083
0.1870 0.0427323
0.1870 0.05619
0.1870 0.0509904
0.1875 0.0467646
0.1875 0.0403756
0.1876 0.0494106
0.1877 0.0448672
0.1877 0.0427497
0.1877 0.0407835
0.1880 0.0510441
0.1880 0.0465155
0.1880 0.0401605
0.1883 0.0489064
0.1885 0.0462697
0.1885 0.0399483
0.1886 0.0497797
0.1887 0.0475321
0.1887 0.0437883
0.1887 0.0410946
0.1890 0.040635
0.1890 0.0355448
0.1890 0.0382396
0.1890 0.0472222
0.1890 0.0514141
0.1891 0.0415445
0.1893 0.0486815
0.1894 0.0443679
0.1894 0.0424358
0.1894 0.0418419
0.1895 0.0362001
0.1895 0.0404203
0.1895 0.0353569
0.1895 0.0380375
0.1895 0.0511424
0.1895 0.0469726
0.1896 0.0505847
0.1900 0.0402084
0.1900 0.0467264
0.1900 0.0378381
0.1900 0.0351716
0.1900 0.0508743
0.1900 0.0468581
0.1901 0.0374172
0.1901 0.0363858
0.1905 0.0464821
0.1905 0.0511978
0.1905 0.0441243
0.1907 0.0482866
0.1908 0.0393473
0.1910 0.043893
0.1910 0.0462384
0.1910 0.0509294
0.1910 0.0479703
0.1913 0.0488213
0.1914 0.0451807
0.1914 0.0422692
0.1915 0.0509547
0.1915 0.0451217
0.1915 0.0422053
0.1917 0.0470518
0.1917 0.0444403
0.1918 0.0405266
0.1920 0.0506904
0.1920 0.0387947
0.1920 0.0411158
0.1920 0.0448877
0.1920 0.0490571
0.1920 0.0480433
0.1924 0.0483069
0.1924 0.0435525
0.1924 0.042977
0.1925 0.0385158
0.1925 0.037222
0.1925 0.037222
0.1925 0.0504267
0.1925 0.0409019
0.1925 0.0385929
0.1925 0.0446542
0.1927 0.0472763
0.1928 0.0418223
0.1930 0.0458594
0.1930 0.0406909
0.1930 0.0383937
0.1930 0.0507407
0.1930 0.0469683
0.1931 0.0406755
0.1934 0.0470889
0.1935 0.0404803
0.1935 0.0381951
0.1935 0.0456221
0.1935 0.0504781
0.1937 0.0435154
0.1938 0.0388317
0.1938 0.0382648
0.1938 0.0351449
0.1940 0.0379989
0.1940 0.0453878
0.1940 0.0502189
0.1940 0.0402724
0.1940 0.0495953
0.1940 0.0486038
0.1941 0.0435057
0.1941 0.0418081
0.1941 0.039545
0.1943 0.0515429
0.1944 0.0494226
0.1944 0.0475883
0.1945 0.0402533
0.1945 0.0370132
0.1945 0.0370132
0.1945 0.0451542
0.1945 0.0499604
0.1945 0.0355416
0.1946 0.0530534
0.1947 0.0510824
0.1947 0.0455943
0.1948 0.0425023
0.1948 0.0419396
0.1948 0.0409566
0.1950 0.0449235
0.1950 0.0353601
0.1950 0.0497052
0.1951 0.0472584
0.1951 0.0469782
0.1951 0.0422143
0.1951 0.0389961
0.1954 0.0437438
0.1955 0.0384426
0.1955 0.0505699
0.1955 0.0536483
0.1955 0.0446934
0.1955 0.0351789
0.1955 0.0338444
0.1955 0.0338444
0.1957 0.047769
0.1958 0.0427587
0.1959 0.0573283
0.1959 0.0569106
0.1960 0.0503129
0.1960 0.043631
0.1960 0.0533756
0.1960 0.0414036
0.1964 0.0477163
0.1965 0.0419123
0.1965 0.0531036
0.1965 0.0411926
0.1965 0.0500566
0.1965 0.0434086
0.1967 0.05169
0.1967 0.0483797
0.1968 0.0452103
0.1970 0.0566017
0.1970 0.0559133
0.1970 0.0550889
0.1970 0.0544009
0.1970 0.0538499
0.1970 0.0566933
0.1970 0.050079
0.1970 0.0473231
0.1970 0.0393308
0.1970 0.0431892
0.1970 0.0522838
0.1970 0.0544887
0.1970 0.0520632
0.1970 0.0520632
0.1971 0.0403912
0.1972 0.0360061
0.1974 0.0506508
0.1974 0.0496924
0.1974 0.0496924
0.1974 0.0468169
0.1974 0.0454485
0.1975 0.0542138
0.1975 0.0520202
0.1975 0.0391324
0.1975 0.0564078
0.1975 0.0429713
0.1975 0.0470844
0.1975 0.0498264
0.1975 0.0365653
0.1976 0.0548491
0.1977 0.0523898
0.1977 0.0472031
0.1978 0.0454298
0.1978 0.0388901
0.1979 0.0373934
0.1980 0.0568417
0.1980 0.0558883
0.1980 0.055615
0.1980 0.0535721
0.1980 0.0539397
0.1980 0.042754
0.1980 0.0561222
0.1980 0.0517571
0.1980 0.0468463
0.1980 0.0389345
0.1980 0.0495744
0.1980 0.0531633
0.1980 0.0528914
0.1980 0.0522107
0.1981 0.0454111
0.1981 0.0421515
0.1982 0.0405216
0.1982 0.0355029
0.1983 0.0546115
0.1984 0.0516268
0.1984 0.0448509
0.1984 0.0444444
0.1985 0.0425383
0.1985 0.0509531
0.1985 0.0485101
0.1987 0.0541553
0.1987 0.0534789
0.1987 0.053073
0.1987 0.0503696
0.1987 0.0502353
0.1987 0.0494241
0.1988 0.0436186
0.1989 0.0380903
0.1989 0.0375518
0.1989 0.0349924
0.1990 0.0423254
0.1990 0.0506981
0.1990 0.0482673
0.1995 0.048025
0.1995 0.0421129
0.1995 0.0504436
0.1995 0.0386366
0.1998 0.0429103
0.1998 0.0409077
0.1998 0.0409077
0.1999 0.0349058
0.2000 0.0378924
0.2000 0.0357532
0.2000 0.0464489
0.2000 0.0333467
0.2000 0.0419032
0.2002 0.0394395
0.2002 0.0341238
0.2005 0.0451424
0.2005 0.0439486
0.2005 0.0331801
0.2005 0.0416939
0.2005 0.0462169
0.2005 0.0377031
0.2005 0.0355746
0.2009 0.0373257
0.2010 0.0330157
0.2010 0.0353983
0.2010 0.0451936
0.2010 0.0375163
0.2010 0.0475762
0.2010 0.0414873
0.2014 0.0465287
0.2015 0.0439008
0.2015 0.0439008
0.2015 0.0370664
0.2015 0.044969
0.2015 0.0473398
0.2015 0.0412811
0.2019 0.0381289
0.2020 0.0368836
0.2020 0.0471063
0.2020 0.0410776
0.2020 0.0447472
0.2022 0.0426952
0.2022 0.0398255
0.2022 0.0387837
0.2025 0.045804
0.2025 0.0439833
0.2025 0.0466126
0.2025 0.0411352
0.2025 0.0361795
0.2029 0.0403385
0.2030 0.0463839
0.2030 0.0409333
0.2030 0.036002
0.2031 0.045242
0.2031 0.0444662
0.2032 0.0393008
0.2032 0.0391713
0.2032 0.0372362
0.2035 0.0439317
0.2035 0.0407319
0.2035 0.0461556
0.2035 0.0358248
0.2035 0.0423869
0.2036 0.0363417
0.2040 0.0407901
0.2040 0.0443882
0.2040 0.0351359
0.2045 0.0405904
0.2045 0.0441709
0.2045 0.0349639
0.2048 0.0429734
0.2049 0.0414491
0.2049 0.0368788
0.2049 0.0367514
0.2050 0.0403932
0.2050 0.034794
0.2050 0.0439562
0.2053 0.0375164
0.2055 0.0470344
0.2055 0.0450083
0.2055 0.0401963
0.2055 0.0348777
0.2055 0.0320918
0.2055 0.0426906
0.2056 0.0392842
0.2056 0.0381487
0.2060 0.0400019
0.2060 0.0468069
0.2060 0.034709
0.2060 0.0447907
0.2060 0.0319366
0.2065 0.0453259
0.2065 0.0398079
0.2065 0.0345407
0.2065 0.0317817
0.2066 0.0402741
0.2066 0.0401487
0.2066 0.0376511
0.2066 0.035155
0.2069 0.0412638
0.2069 0.0387726
0.2069 0.0364086
0.2070 0.0344183
0.2070 0.0334236
0.2070 0.0451078
0.2070 0.0311294
0.2070 0.0396164
0.2070 0.0323053
0.2073 0.0375299
0.2073 0.0325717
0.2073 0.0321998
0.2075 0.0448901
0.2075 0.0309792
0.2075 0.0394252
0.2075 0.0430989
0.2075 0.0424799
0.2076 0.0344419
0.2077 0.0337004
0.2077 0.0329598
0.2079 0.0413554
0.2079 0.040615
0.2079 0.0369169
0.2080 0.0392364
0.2080 0.0360225
0.2080 0.0451696
0.2082 0.0435586
0.2083 0.0349551
0.2085 0.0358495
0.2085 0.0449526
0.2085 0.0390479
0.2085 0.0424361
0.2090 0.0356786
0.2090 0.0388618
0.2090 0.0447384
0.2092 0.0415538
0.2095 0.0367265
0.2095 0.039407
0.2095 0.0435497
0.2096 0.0429983
0.2096 0.041784
0.2096 0.0400842
0.2099 0.0404395
0.2100 0.0374162
0.2100 0.0365523
0.2100 0.0392201
0.2100 0.0433432
0.2105 0.0363784
0.2105 0.0390335
0.2109 0.0400519
0.2110 0.0381286
0.2110 0.0407712
0.2110 0.0282788
0.2110 0.0263568
0.2110 0.0222729
0.2110 0.0244351
0.2110 0.0302007
0.2110 0.0329888
0.2110 0.0320329
0.2110 0.0315541
0.2111 0.0309564
0.2114 0.0279991
0.2114 0.0274038
0.2114 0.0271652
0.2115 0.0405781
0.2115 0.0379481
0.2115 0.0221674
0.2115 0.0243193
0.2115 0.0281449
0.2115 0.0262321
0.2115 0.0300577
0.2117 0.0356325
0.2117 0.0320657
0.2118 0.0290967
0.2118 0.0256556
0.2118 0.0232839
0.2118 0.0228094
0.2118 0.0226913
0.2118 0.0220987
0.2120 0.0367042
0.2120 0.0261088
0.2120 0.0375317
0.2120 0.0399115
0.2120 0.0242051
0.2120 0.0280127
0.2120 0.0220633
0.2120 0.0299165
0.2120 0.0344515
0.2120 0.0339778
0.2120 0.0337402
0.2120 0.0320821
0.2120 0.0320821
0.2123 0.0354056
0.2124 0.0333975
0.2124 0.0312721
0.2124 0.0299737
0.2125 0.0288281
0.2125 0.0373548
0.2125 0.0397234
0.2127 0.0357645
0.2127 0.0345867
0.2130 0.0395377
0.2130 0.0371801
0.2130 0.0286932
0.2132 0.0250964
0.2135 0.0341909
0.2135 0.0377106
0.2135 0.0440461
0.2135 0.0323137
0.2135 0.0297326
0.2135 0.0239667
0.2136 0.0434851
0.2140 0.0398536
0.2140 0.0375341
0.2140 0.0340309
0.2140 0.0438399
0.2140 0.0321624
0.2140 0.0295934
0.2140 0.0361282
0.2141 0.0310123
0.2142 0.0447226
0.2143 0.042282
0.2143 0.0383351
0.2143 0.0361305
0.2145 0.033872
0.2145 0.0373588
0.2145 0.0320123
0.2145 0.0436353
0.2145 0.0294553
0.2146 0.0411071
0.2146 0.0411071
0.2146 0.0405284
0.2147 0.0359015
0.2147 0.0346297
0.2147 0.0327807
0.2148 0.0297791
0.2149 0.0429408
0.2149 0.0421329
0.2149 0.0416705
0.2150 0.0385558
0.2150 0.0286246
0.2150 0.0452841
0.2150 0.0260794
0.2150 0.0323268
0.2150 0.0371857
0.2150 0.0304757
0.2150 0.0352124
0.2151 0.0270399
0.2153 0.0434967
0.2153 0.0433813
0.2153 0.0402748
0.2154 0.0365953
0.2155 0.0370129
0.2155 0.0450736
0.2155 0.0284916
0.2155 0.0321766
0.2155 0.0259582
0.2155 0.0303341
0.2156 0.0395752
0.2157 0.0383141
0.2160 0.0462413
0.2160 0.0373007
0.2160 0.0320282
0.2160 0.0283602
0.2160 0.0258385
0.2160 0.0441781
0.2160 0.0301942
0.2160 0.0361389
0.2161 0.0345402
0.2161 0.0287236
0.2161 0.0278119
0.2163 0.0416078
0.2164 0.0315889
0.2165 0.0287477
0.2165 0.0227526
0.2165 0.0460274
0.2165 0.0371281
0.2165 0.03188
0.2165 0.028229
0.2165 0.0245781
0.2165 0.0439737
0.2165 0.0264035
0.2165 0.0300545
0.2165 0.0337054
0.2166 0.0467088
0.2167 0.0387519
0.2167 0.0330778
0.2168 0.0305843
0.2168 0.0301307
0.2168 0.0297914
0.2170 0.0415758
0.2170 0.0280994
0.2170 0.0458161
0.2170 0.0244653
0.2170 0.0317337
0.2170 0.0226481
0.2170 0.0437718
0.2170 0.0299165
0.2170 0.0369577
0.2170 0.0335507
0.2170 0.0262823
0.2171 0.0350098
0.2171 0.0327487
0.2172 0.0280049
0.2172 0.0457403
0.2175 0.0275808
0.2175 0.0257097
0.2175 0.0367884
0.2175 0.049676
0.2175 0.0214139
0.2175 0.0478672
0.2175 0.0239009
0.2175 0.0460584
0.2175 0.0265678
0.2175 0.0258926
0.2175 0.0251055
0.2176 0.0445842
0.2176 0.0439078
0.2177 0.0399668
0.2179 0.0479299
0.2179 0.0471432
0.2179 0.0235704
0.2179 0.0469176
0.2179 0.0233465
0.2179 0.0222261
0.2179 0.0208823
0.2180 0.0398428
0.2180 0.0366194
0.2180 0.0476473
0.2180 0.0494478
0.2180 0.0458468
0.2180 0.0392819
0.2180 0.0389452
0.2180 0.0381604
0.2180 0.0371516
0.2181 0.0354703
0.2182 0.0483417
0.2183 0.0428523
0.2183 0.0420691
0.2183 0.0418455
0.2183 0.0399438
0.2183 0.0397192
0.2185 0.0474289
0.2185 0.0492211
0.2185 0.0364516
0.2185 0.0456366
0.2187 0.0384826
0.2187 0.0374798
0.2187 0.0371454
0.2189 0.0487119
0.2189 0.0486012
0.2190 0.0345018
0.2190 0.0369548
0.2190 0.044537
0.2190 0.0420839
0.2193 0.0404624
0.2193 0.0404624
0.2193 0.0394643
0.2194 0.0323786
0.2195 0.0443348
0.2195 0.0367871
0.2195 0.0343452
0.2195 0.0418929
0.2196 0.0434331
0.2197 0.040006
0.2197 0.0391221
0.2197 0.0355891
0.2198 0.0327204
0.2198 0.0326106
0.2200 0.0426376
0.2200 0.0432491
0.2200 0.0341888
0.2200 0.0366196
0.2201 0.0359193
0.2201 0.03339
0.2204 0.0385533
0.2205 0.0430527
0.2205 0.0368933
0.2205 0.0311738
0.2207 0.0404057
0.2207 0.0384351
0.2208 0.0342786
0.2208 0.0303448
0.2208 0.0300178
0.2210 0.036727
0.2210 0.0310332
0.2210 0.0428586
0.2210 0.0408288
0.2210 0.0378813
0.2211 0.0373359
0.2211 0.0367907
0.2211 0.0339558
0.2211 0.0335202
0.2211 0.0323216
0.2211 0.0318861
0.2211 0.0311232
0.2213 0.0424462
0.2213 0.0424462
0.2213 0.0422276
0.2213 0.0412482
0.2214 0.0393982
0.2214 0.0378747
0.2215 0.0329836
0.2215 0.0328747
0.2215 0.0426648
0.2215 0.0308929
0.2215 0.0359069
0.2215 0.0409209
0.2217 0.0413391
0.2217 0.0378679
0.2217 0.0371091
0.2220 0.0424733
0.2220 0.0357458
0.2220 0.0407372
0.2220 0.0398075
0.2221 0.0341867
0.2224 0.0406566
0.2224 0.0363447
0.2225 0.0355849
0.2225 0.0422822
0.2225 0.0405539
0.2227 0.0387057
0.2227 0.0380614
0.2228 0.0355904
0.2230 0.0326298
0.2230 0.0343505
0.2230 0.0354259
0.2230 0.0392973
0.2230 0.0306942
0.2230 0.0394466
0.2235 0.0333478
0.2235 0.0305573
0.2235 0.0391222
0.2235 0.0324844
0.2235 0.035268
0.2235 0.0341974
0.2240 0.0340445
0.2240 0.0323392
0.2240 0.0351103
0.2240 0.0389472
0.2240 0.0304207
0.2241 0.0384531
0.2241 0.0380286
0.2241 0.0366484
0.2241 0.0354808
0.2241 0.0330411
0.2242 0.0312391
0.2244 0.0380193
0.2245 0.0360147
0.2245 0.0275262
0.2245 0.0239187
0.2245 0.0258286
0.2245 0.0314621
0.2245 0.0306166
0.2245 0.0299831
0.2250 0.0274043
0.2250 0.0358553
0.2250 0.0238128
0.2250 0.0257142
0.2252 0.0332697
0.2252 0.0329543
0.2252 0.0291735
0.2252 0.0287533
0.2252 0.0281233
0.2252 0.0277037
0.2254 0.0389381
0.2254 0.0370494
0.2255 0.0272826
0.2255 0.035696
0.2255 0.023707
0.2255 0.0256001
0.2255 0.0382199
0.2255 0.0314942
0.2256 0.0268885
0.2256 0.0265746
0.2256 0.0262607
0.2256 0.0260516
0.2256 0.0254247
0.2256 0.0246923
0.2256 0.0242743
0.2260 0.033654
0.2260 0.0355387
0.2260 0.0380514
0.2264 0.0389026
0.2265 0.0351596
0.2265 0.0353815
0.2265 0.0335052
0.2265 0.0378832
0.2268 0.0346407
0.2268 0.033708
0.2268 0.0336041
0.2270 0.0456045
0.2270 0.0404153
0.2270 0.0439439
0.2270 0.047265
0.2270 0.0422834
0.2270 0.0356413
0.2270 0.0335657
0.2274 0.0393807
0.2274 0.0393807
0.2275 0.0437516
0.2275 0.0454048
0.2275 0.047058
0.2275 0.0334187
0.2275 0.0354852
0.2275 0.0402383
0.2275 0.0420983
0.2277 0.0435847
0.2277 0.0431723
0.2277 0.0425555
0.2277 0.0418345
0.2277 0.041218
0.2277 0.0402918
0.2278 0.0369007
0.2280 0.0475634
0.2280 0.0466382
0.2280 0.0457144
0.2280 0.0452
0.2280 0.0452054
0.2280 0.0468513
0.2280 0.0435593
0.2280 0.0332719
0.2280 0.0400616
0.2280 0.0419133
0.2280 0.0353293
0.2280 0.0442765
0.2282 0.0339241
0.2282 0.0339241
0.2284 0.0388278
0.2284 0.0380103
0.2284 0.0373979
0.2285 0.0358651
0.2285 0.0325116
0.2285 0.0450072
0.2285 0.0431636
0.2285 0.03456
0.2285 0.0466459
0.2286 0.0468728
0.2288 0.037185
0.2290 0.0448114
0.2290 0.0323701
0.2290 0.0429758
0.2290 0.0344097
0.2290 0.046443
0.2291 0.0405297
0.2294 0.0411204
0.2295 0.0322289
0.2295 0.0342595
0.2295 0.0413667
0.2295 0.0429913
0.2295 0.0462403
0.2295 0.0446158
0.2295 0.0337277
0.2296 0.0294821
0.2296 0.0291789
0.2298 0.0392818
0.2298 0.0356468
0.2299 0.033125
0.2299 0.029899
0.2299 0.0284891
0.2300 0.0229908
0.2300 0.0294608
0.2300 0.0444226
0.2300 0.0308761
0.2300 0.0428051
0.2300 0.0207668
0.2300 0.0341111
0.2300 0.0262258
0.2300 0.0395701
0.2300 0.04604
0.2300 0.0246084
0.2300 0.0411876
0.2300 0.0278433
0.2300 0.0454167
0.2303 0.0254948
0.2303 0.0246921
0.2303 0.0451823
0.2304 0.0412609
0.2305 0.0380472
0.2305 0.0371441
0.2305 0.0371441
0.2305 0.0359401
0.2305 0.0307419
0.2305 0.0261118
0.2305 0.0228909
0.2305 0.0293328
0.2305 0.0442296
0.2305 0.0339629
0.2305 0.0393981
0.2305 0.0426191
0.2305 0.0206766
0.2305 0.0410086
0.2305 0.0277223
0.2305 0.0458399
0.2305 0.0245014
0.2307 0.0233201
0.2307 0.0221201
0.2309 0.0322349
0.2309 0.0311354
0.2309 0.0305365
0.2310 0.0272414
0.2310 0.0266424
0.2310 0.0227922
0.2310 0.0259992
0.2310 0.0292063
0.2310 0.0243958
0.2310 0.0205874
0.2310 0.0380256
0.2310 0.0348186
0.2310 0.0396291
0.2310 0.0276028
0.2310 0.0364221
0.2310 0.0433187
0.2311 0.0416201
0.2311 0.0382243
0.2315 0.0394577
0.2315 0.0246893
0.2315 0.0346679
0.2315 0.0278826
0.2315 0.0198996
0.2315 0.0179039
0.2315 0.0378611
0.2315 0.0214962
0.2315 0.0362644
0.2315 0.0262859
0.2315 0.0230927
0.2315 0.0331399
0.2318 0.0372082
0.2319 0.0328459
0.2319 0.0312605
0.2319 0.0299731
0.2320 0.0283889
0.2320 0.0245833
0.2320 0.0198142
0.2320 0.0277628
0.2320 0.0345191
0.2320 0.0214039
0.2320 0.0178271
0.2320 0.0392882
0.2320 0.0376985
0.2320 0.0361087
0.2320 0.0261731
0.2320 0.0229936
0.2322 0.035221
0.2324 0.0208151
0.2325 0.0384723
0.2325 0.0166813
0.2325 0.0163862
0.2325 0.0217074
0.2325 0.0232903
0.2325 0.0179481
0.2325 0.0347661
0.2325 0.0363489
0.2325 0.0379319
0.2325 0.0395147
0.2325 0.0410976
0.2325 0.0201246
0.2325 0.0442633
0.2325 0.0426804
0.2325 0.0248732
0.2325 0.015698
0.2326 0.0330493
0.2326 0.0297987
0.2326 0.0289132
0.2326 0.0288145
0.2326 0.0286179
0.2327 0.0237997
0.2327 0.0431842
0.2327 0.0428894
0.2328 0.0195766
0.2328 0.0186931
0.2328 0.0185952
0.2328 0.0183007
0.2329 0.030596
0.2330 0.0393457
0.2330 0.0377697
0.2330 0.0361936
0.2330 0.0346174
0.2330 0.044074
0.2330 0.0231907
0.2330 0.0212206
0.2330 0.0424979
0.2330 0.0409218
0.2330 0.0247668
0.2332 0.0170739
0.2333 0.026594
0.2334 0.0406826
0.2335 0.0419242
0.2335 0.0403549
0.2335 0.0387855
0.2335 0.0434937
0.2335 0.0211301
0.2335 0.0230918
0.2335 0.0334888
0.2335 0.0372161
0.2335 0.0246612
0.2335 0.0356467
0.2336 0.0319818
0.2336 0.0298337
0.2339 0.0323761
0.2339 0.0323761
0.2339 0.0312079
0.2340 0.0277049
0.2340 0.0403775
0.2340 0.0421355
0.2340 0.0337362
0.2340 0.0261182
0.2340 0.0247886
0.2341 0.0220688
0.2341 0.041325
0.2342 0.0351966
0.2342 0.0344199
0.2343 0.0306324
0.2343 0.0291769
0.2344 0.0223922
0.2345 0.0260066
0.2345 0.0419556
0.2345 0.0402051
0.2345 0.0335922
0.2346 0.0300603
0.2346 0.0286092
0.2347 0.0266754
0.2347 0.0258052
0.2347 0.0251289
0.2348 0.0383779
0.2348 0.0377973
0.2348 0.0375079
0.2349 0.0342217
0.2349 0.0307457
0.2349 0.0304568
0.2350 0.0258964
0.2350 0.0390662
0.2350 0.0410029
0.2350 0.0334497
0.2353 0.027099
0.2355 0.0379662
0.2355 0.0259792
0.2355 0.0281005
0.2355 0.0389001
0.2355 0.0408286
0.2355 0.0333074
0.2355 0.0359473
0.2356 0.0291309
0.2358 0.0401594
0.2359 0.0359403
0.2359 0.0323009
0.2359 0.0313438
0.2360 0.0406562
0.2360 0.0387359
0.2360 0.0279819
0.2360 0.0258695
0.2360 0.0331668
0.2362 0.0383227
0.2362 0.0383227
0.2362 0.0368888
0.2362 0.0347861
0.2365 0.0395486
0.2365 0.0392623
0.2365 0.0385718
0.2365 0.0257599
0.2365 0.035321
0.2365 0.0334088
0.2365 0.030158
0.2365 0.0280546
0.2365 0.0401016
0.2365 0.037042
0.2365 0.0379269
0.2366 0.0337351
0.2369 0.0340182
0.2369 0.0323101
0.2369 0.0318355
0.2370 0.0384097
0.2370 0.0332683
0.2370 0.0351726
0.2370 0.0368863
0.2370 0.0399329
0.2370 0.0300312
0.2370 0.0279366
0.2370 0.0272827
0.2370 0.0264301
0.2372 0.0371424
0.2372 0.0361948
0.2372 0.0339219
0.2373 0.0287174
0.2375 0.0397654
0.2375 0.0278194
0.2375 0.0382486
0.2375 0.0299052
0.2375 0.035025
0.2375 0.0331288
0.2375 0.0367316
0.2377 0.0281649
0.2378 0.0384403
0.2380 0.0310002
0.2380 0.0273248
0.2380 0.0426193
0.2380 0.0380876
0.2380 0.0261918
0.2380 0.0329894
0.2380 0.0294018
0.2380 0.0395981
0.2380 0.0345
0.2380 0.0305347
0.2380 0.0411087
0.2380 0.036577
0.2380 0.028367
0.2383 0.0319445
0.2385 0.0328516
0.2385 0.0379285
0.2385 0.0424413
0.2385 0.0343558
0.2385 0.0260823
0.2385 0.0272106
0.2385 0.0394327
0.2385 0.0409369
0.2385 0.0292789
0.2385 0.0304071
0.2385 0.0364242
0.2386 0.0355053
0.2387 0.0286742
0.2388 0.0398911
0.2388 0.0398911
0.2388 0.0384885
0.2390 0.0291562
0.2390 0.0336501
0.2390 0.0467573
0.2390 0.0482553
0.2390 0.0452593
0.2390 0.0437613
0.2390 0.0385185
0.2390 0.0259731
0.2390 0.0370206
0.2390 0.0270966
0.2390 0.0349609
0.2390 0.0302797
0.2391 0.0448181
0.2391 0.0439781
0.2391 0.0420175
0.2391 0.0415509
0.2391 0.0408044
0.2392 0.040338
0.2393 0.0321397
0.2393 0.0314885
0.2394 0.04255
0.2395 0.0422716
0.2395 0.0418053
0.2395 0.0480534
0.2395 0.04507
0.2395 0.0435783
0.2395 0.0465617
0.2395 0.0307124
0.2395 0.0329499
0.2397 0.0280612
0.2397 0.0453094
0.2400 0.0448829
0.2400 0.0478539
0.2400 0.030585
0.2400 0.0433974
0.2400 0.0463684
0.2400 0.0328132
0.2400 0.0485181
0.2400 0.0469416
0.2401 0.0464782
0.2401 0.0462
0.2401 0.0424041
0.2402 0.0356546
0.2404 0.0473642
0.2404 0.0471796
0.2404 0.0457936
0.2404 0.0456091
0.2404 0.0451473
0.2405 0.0391494
0.2405 0.0361907
0.2405 0.0326772
0.2405 0.0347114
0.2405 0.0376701
0.2405 0.0386869
0.2406 0.0371202
0.2406 0.0366596
0.2406 0.0317796
0.2407 0.0311357
0.2408 0.0433627
0.2408 0.0424422
0.2408 0.0231414
0.2408 0.0230495
0.2408 0.0417982
0.2408 0.0412458
0.2408 0.0408781
0.2410 0.0238864
0.2410 0.0389867
0.2410 0.0268328
0.2410 0.0360403
0.2410 0.0220449
0.2410 0.0297792
0.2410 0.0375135
0.2410 0.0283061
0.2410 0.0253596
0.2410 0.0345672
0.2410 0.0325414
0.2411 0.0446182
0.2411 0.0442512
0.2411 0.0439756
0.2411 0.0436088
0.2412 0.0403969
0.2413 0.0333406
0.2413 0.0318761
0.2415 0.0267216
0.2415 0.0388251
0.2415 0.0358908
0.2415 0.0237873
0.2415 0.0344238
0.2415 0.0219534
0.2415 0.0281887
0.2415 0.0373579
0.2415 0.0252544
0.2415 0.0296557
0.2415 0.0324064
0.2416 0.0360784
0.2417 0.0317875
0.2417 0.0311489
0.2417 0.0295072
0.2418 0.0223111
0.2420 0.0337007
0.2420 0.0302641
0.2420 0.0218631
0.2420 0.0377521
0.2420 0.0393957
0.2420 0.025881
0.2420 0.0326384
0.2420 0.0273421
0.2420 0.0288031
0.2420 0.0240547
0.2422 0.03824
0.2422 0.0369678
0.2423 0.0356961
0.2425 0.0272291
0.2425 0.0301391
0.2425 0.0257741
0.2425 0.0325036
0.2425 0.0375961
0.2425 0.0286841
0.2425 0.039233
0.2425 0.0239553
0.2425 0.039313
0.2425 0.0382251
0.2426 0.0365026
0.2428 0.0244722
0.2428 0.0242913
0.2429 0.0391135
0.2429 0.0353169
0.2430 0.0319764
0.2430 0.037442
0.2430 0.0300156
0.2430 0.0256684
0.2430 0.0390722
0.2430 0.0323703
0.2430 0.0285665
0.2430 0.0271175
0.2430 0.0238571
0.2433 0.0359394
0.2434 0.0262227
0.2435 0.0215943
0.2435 0.0331391
0.2435 0.0201513
0.2435 0.0345822
0.2435 0.0170847
0.2435 0.0187082
0.2437 0.0309016
0.2437 0.0305431
0.2437 0.0301845
0.2438 0.0241794
0.2439 0.0382508
0.2440 0.0342183
0.2440 0.0336807
0.2440 0.0215061
0.2440 0.0170149
0.2440 0.020069
0.2440 0.0186318
0.2440 0.0330037
0.2440 0.034441
0.2440 0.031353
0.2441 0.0293851
0.2441 0.0240235
0.2442 0.0226839
0.2442 0.0224166
0.2442 0.0222376
0.2442 0.0205426
0.2442 0.0194725
0.2442 0.0189373
0.2443 0.0171547
0.2445 0.0243129
0.2445 0.0393103
0.2445 0.0169456
0.2445 0.0378789
0.2445 0.0185558
0.2445 0.0199872
0.2445 0.0214185
0.2445 0.0328693
0.2445 0.0364476
0.2445 0.0344795
0.2446 0.017996
0.2446 0.0175516
0.2447 0.0318032
0.2447 0.0311803
0.2447 0.0288672
0.2447 0.0286003
0.2447 0.0279781
0.2448 0.0274444
0.2450 0.0322003
0.2450 0.0377241
0.2450 0.0273893
0.2450 0.0346949
0.2450 0.0259638
0.2450 0.0391496
0.2450 0.0231128
0.2450 0.0245383
0.2450 0.0362986
0.2450 0.0215092
0.2450 0.0317154
0.2451 0.0273693
0.2451 0.0273693
0.2451 0.025508
0.2453 0.0371207
0.2453 0.0370326
0.2453 0.0362343
0.2455 0.0345533
0.2455 0.0389899
0.2455 0.0258579
0.2455 0.0320689
0.2455 0.0230185
0.2455 0.0375702
0.2455 0.0361505
0.2455 0.0244382
0.2455 0.0214214
0.2455 0.0272776
0.2455 0.0222583
0.2456 0.0352506
0.2457 0.0337489
0.2458 0.0281887
0.2459 0.0227254
0.2459 0.0386812
0.2459 0.0380639
0.2459 0.0378869
0.2460 0.0328227
0.2460 0.0356506
0.2460 0.0269903
0.2460 0.0261066
0.2460 0.0232788
0.2460 0.0215114
0.2460 0.0370645
0.2460 0.0246927
0.2464 0.029613
0.2464 0.0291743
0.2464 0.0291743
0.2464 0.0283852
0.2464 0.0282098
0.2464 0.0280339
0.2465 0.0250538
0.2465 0.0369139
0.2465 0.0355058
0.2465 0.0326893
0.2465 0.0272327
0.2466 0.0344362
0.2467 0.0298821
0.2470 0.0362648
0.2470 0.0361778
0.2470 0.0271229
0.2470 0.0325575
0.2470 0.0353626
0.2470 0.036765
0.2470 0.0311972
0.2470 0.0311096
0.2470 0.0310226
0.2471 0.0291027
0.2474 0.0298061
0.2474 0.0278921
0.2475 0.0267613
0.2475 0.0265004
0.2475 0.0257182
0.2475 0.0352194
0.2475 0.0271877
0.2475 0.031902
0.2475 0.0338226
0.2475 0.0366162
0.2475 0.0257908
0.2477 0.034676
0.2477 0.034676
0.2477 0.034676
0.2477 0.0330252
0.2478 0.0246948
0.2480 0.0344952
0.2480 0.0350779
0.2480 0.0364691
0.2480 0.0270784
0.2480 0.0336867
0.2480 0.0317738
0.2480 0.0256872
0.2481 0.0300769
0.2483 0.0369955
0.2483 0.0367358
0.2484 0.0285278
0.2485 0.0269699
0.2485 0.0349373
0.2485 0.0363229
0.2485 0.0335516
0.2485 0.0316464
0.2485 0.0255842
0.2486 0.0377585
0.2486 0.0374128
0.2487 0.0329288
0.2487 0.0300862
0.2489 0.0244079
0.2489 0.038775
0.2490 0.0292765
0.2490 0.0223762
0.2490 0.0320366
0.2490 0.0251363
0.2490 0.0237562
0.2490 0.0278964
0.2490 0.0306566
0.2490 0.0209962
0.2490 0.0190985
0.2490 0.0265164
0.2490 0.0336133
0.2491 0.0283735
0.2492 0.023999
0.2493 0.0379828
0.2493 0.0358374
0.2493 0.0354084
0.2493 0.035151
0.2495 0.0264099
0.2495 0.0236609
0.2495 0.0291589
0.2495 0.0250354
0.2495 0.0319079
0.2495 0.0222863
0.2495 0.0305335
0.2495 0.0190218
0.2495 0.0209119
0.2495 0.0277844
0.2497 0.0338587
0.2497 0.0319783
0.2498 0.0283054
0.2499 0.0200351
0.2500 0.0195244
0.2500 0.0187749
0.2500 0.0273314
0.2500 0.0204862
0.2500 0.0232243
0.2500 0.0300695
0.2500 0.0287006
0.2500 0.0259624
0.2500 0.0245933
0.2500 0.0218553
0.2500 0.0328296
0.2500 0.032744
0.2503 0.0197264
