0.00292366 2.44361
0.00347742 1.34009
0.00375429 1.07193
0.00403117 1.08782
0.00430805 1.24229
0.00458493 1.1544
0.00486181 1.3565
0.00513869 0.91133
0.00541556 1.14134
0.00569244 0.845841
0.00596932 1.01814
0.0062462 1.04459
0.00652308 1.21143
0.00679995 1.17142
0.00707683 1.20614
0.00735371 1.07119
0.00763059 1.08278
0.00790747 1.15543
0.00818435 1.16472
0.00846122 1.1139
0.0087381 1.12812
0.00901498 1.06846
0.00929186 1.07597
0.00956874 1.11726
0.00984562 1.12016
0.0101225 1.16538
0.0103994 1.09621
0.0106762 1.11437
0.0109531 1.11537
0.01123 1.11616
0.0115069 1.13331
0.0117838 1.1536
0.0120606 1.12226
0.0123375 1.08688
0.0126144 1.08356
0.0128913 1.09239
0.0131682 1.07074
0.013445 1.09164
0.0137219 1.1072
0.0139988 1.10429
0.0142757 1.08361
0.0145525 1.11396
0.0148294 1.10023
0.0151063 1.13035
0.0153832 1.10002
0.0156601 1.10113
0.0159369 1.07845
0.0162138 1.10748
0.0164907 1.09551
0.0167676 1.13043
0.0170444 1.08131
0.0173213 1.112
0.0175982 1.10784
0.0178751 1.08771
0.018152 1.12796
0.0184288 1.09667
0.0187057 1.0933
0.0189826 1.09578
0.0192595 1.10526
0.0195364 1.09489
0.0198132 1.09134
0.0200901 1.08222
0.020367 1.09124
0.0206439 1.10562
0.0209207 1.0777
0.0211976 1.0794
0.0214745 1.09615
0.0217514 1.08648
0.0220283 1.07507
0.0223051 1.05702
0.022582 1.08721
0.0228589 1.07306
0.0231358 1.08034
0.0234126 1.07302
0.0236895 1.09413
0.0239664 1.07962
0.0242433 1.07637
0.0245202 1.07894
0.024797 1.06675
0.0250739 1.08094
0.0253508 1.07197
0.0256277 1.07847
0.0259046 1.07295
0.0261814 1.06998
0.0264583 1.06857
0.0267352 1.06625
0.0270121 1.05268
0.0272889 1.04259
0.0275658 1.05444
0.0278427 1.06842
0.0281196 1.05477
0.0283965 1.05316
0.0286733 1.06793
0.0289502 1.0524
0.0292271 1.05481
0.029504 1.05261
0.0297808 1.04594
0.0300577 1.04603
0.0303346 1.0531
0.0306115 1.05688
0.0308884 1.05238
0.0311652 1.0638
0.0314421 1.0483
0.031719 1.05655
0.0319959 1.03986
0.0322727 1.05316
0.0325496 1.02504
0.0328265 1.03872
0.0331034 1.02714
0.0333803 1.04286
0.0336571 1.02612
0.033934 1.03452
0.0342109 1.04242
0.0344878 1.03913
0.0347647 1.02719
0.0350415 1.03125
0.0353184 1.03467
0.0355953 1.01183
0.0358722 1.03819
0.036149 1.03157
0.0364259 1.02523
0.0367028 1.04088
0.0369797 1.016
0.0372566 1.01491
0.0375334 1.00518
0.0378103 0.99672
0.0380872 1.01778
0.0383641 1.02258
0.0386409 0.996873
0.0389178 1.01574
0.0391947 1.00137
0.0394716 1.00762
0.0397485 1.00481
0.0400253 1.00299
0.0403022 0.99734
0.0405791 0.998707
0.040856 0.994366
0.0411329 0.996307
0.0414097 1.0028
0.0416866 0.995373
0.0419635 0.968664
0.0422404 0.99068
0.0425172 0.997551
0.0427941 0.988423
0.043071 0.987139
0.0433479 0.99332
0.0436248 0.985004
0.0439016 0.986644
0.0441785 0.975578
0.0444554 0.974383
0.0447323 0.972322
0.0450091 0.974173
0.045286 0.976324
0.0455629 0.968736
0.0458398 0.98092
0.0461167 0.958757
0.0463935 0.961215
0.0466704 0.961912
0.0469473 0.969454
0.0472242 0.94509
0.0475011 0.958431
0.0477779 0.972331
0.0480548 0.954841
0.0483317 0.968987
0.0486086 0.94588
0.0488854 0.944739
0.0491623 0.943174
0.0494392 0.952737
0.0497161 0.961759
0.049993 0.935669
0.0502698 0.940761
0.0505467 0.920491
0.0508236 0.934603
0.0511005 0.93117
0.0513773 0.932343
0.0516542 0.94536
0.0519311 0.924953
0.052208 0.934899
0.0524849 0.927826
0.0527617 0.909985
0.0530386 0.926694
0.0533155 0.932635
0.0535924 0.920428
0.0538692 0.933526
0.0541461 0.912968
0.054423 0.926511
0.0546999 0.921191
0.0549768 0.902095
0.0552536 0.926313
0.0555305 0.905746
0.0558074 0.911951
0.0560843 0.898625
0.0563612 0.893841
0.056638 0.908771
0.0569149 0.906005
0.0571918 0.887811
0.0574687 0.891964
0.0577455 0.897962
0.0580224 0.887113
0.0582993 0.890524
0.0585762 0.889072
0.0588531 0.885249
0.0591299 0.883671
0.0594068 0.882932
0.0596837 0.877162
0.0599606 0.886659
0.0602374 0.872671
0.0605143 0.882702
0.0607912 0.879285
0.0610681 0.869547
0.061345 0.871957
0.0616218 0.865568
0.0618987 0.861864
0.0621756 0.853901
0.0624525 0.869312
0.0627294 0.858514
0.0630062 0.850796
0.0632831 0.863189
0.06356 0.855576
0.0638369 0.848962
0.0641137 0.828966
0.0643906 0.843576
0.0646675 0.842337
0.0649444 0.842245
0.0652213 0.835301
0.0654981 0.846557
0.065775 0.838842
0.0660519 0.843977
0.0663288 0.839188
0.0666056 0.83644
0.0668825 0.815776
0.0671594 0.823427
0.0674363 0.832734
0.0677132 0.813695
0.06799 0.818785
0.0682669 0.817521
0.0685438 0.830642
0.0688207 0.814304
0.0690976 0.804044
0.0693744 0.811445
0.0696513 0.814481
0.0699282 0.808318
0.0702051 0.812282
0.0704819 0.803841
0.0707588 0.812504
0.0710357 0.798949
0.0713126 0.80136
0.0715895 0.794817
0.0718663 0.788204
0.0721432 0.795355
0.0724201 0.779845
0.072697 0.781257
0.0729738 0.795216
0.0732507 0.780413
0.0735276 0.788304
0.0738045 0.792785
0.0740814 0.777794
0.0743582 0.786895
0.0746351 0.779454
0.074912 0.773249
0.0751889 0.774777
0.0754657 0.771384
0.0757426 0.761448
0.0760195 0.771871
0.0762964 0.777818
0.0765733 0.765026
0.0768501 0.750579
0.077127 0.759585
0.0774039 0.759973
0.0776808 0.746055
0.0779577 0.761221
0.0782345 0.756559
0.0785114 0.762476
0.0787883 0.750885
0.0790652 0.74453
0.079342 0.737734
0.0796189 0.750716
0.0798958 0.736443
0.0801727 0.743994
0.0804496 0.740989
0.0807264 0.729896
0.0810033 0.734641
0.0812802 0.741
0.0815571 0.724218
0.0818339 0.727571
0.0821108 0.715736
0.0823877 0.726356
0.0826646 0.723355
0.0829415 0.728965
0.0832183 0.72595
0.0834952 0.704684
0.0837721 0.714367
0.084049 0.710107
0.0843259 0.711821
0.0846027 0.709634
0.0848796 0.698387
0.0851565 0.698663
0.0854334 0.690793
0.0857102 0.694756
0.0859871 0.689988
0.086264 0.714811
0.0865409 0.683324
0.0868178 0.690096
0.0870946 0.676467
0.0873715 0.688223
0.0876484 0.685333
0.0879253 0.687438
0.0882021 0.691411
0.088479 0.690517
0.0887559 0.671587
0.0890328 0.677301
0.0893097 0.679491
0.0895865 0.674478
0.0898634 0.666286
0.0901403 0.664626
0.0904172 0.664587
0.0906941 0.679814
0.0909709 0.661043
0.0912478 0.662596
0.0915247 0.670999
0.0918016 0.660937
0.0920784 0.664523
0.0923553 0.654054
0.0926322 0.655099
0.0929091 0.655199
0.093186 0.64509
0.0934628 0.639661
0.0937397 0.65142
0.0940166 0.642524
0.0942935 0.641155
0.0945703 0.633933
0.0948472 0.626367
0.0951241 0.635288
0.095401 0.641339
0.0956779 0.634024
0.0959547 0.624483
0.0962316 0.629999
0.0965085 0.625967
0.0967854 0.627957
0.0970622 0.616483
0.0973391 0.615678
0.097616 0.614247
0.0978929 0.615973
0.0981698 0.613508
0.0984466 0.616179
0.0987235 0.603284
0.0990004 0.604586
0.0992773 0.599188
0.0995542 0.607454
0.099831 0.606759
0.100108 0.601595
0.100385 0.604151
0.100662 0.605414
0.100939 0.59858
0.101215 0.583511
0.101492 0.607265
0.101769 0.588165
0.102046 0.591231
0.102323 0.590781
0.1026 0.600288
0.102877 0.59453
0.103154 0.582833
0.10343 0.587951
0.103707 0.572099
0.103984 0.583414
0.104261 0.56806
0.104538 0.580074
0.104815 0.584781
0.105092 0.570733
0.105369 0.581213
0.105645 0.573794
0.105922 0.570993
0.106199 0.568746
0.106476 0.563006
0.106753 0.555255
0.10703 0.564186
0.107307 0.547557
0.107584 0.560074
0.10786 0.54871
0.108137 0.554824
0.108414 0.544404
0.108691 0.557953
0.108968 0.54183
0.109245 0.545387
0.109522 0.552536
0.109799 0.544943
0.110076 0.535834
0.110352 0.53978
0.110629 0.53856
0.110906 0.53401
0.111183 0.537697
0.11146 0.542567
0.111737 0.530162
0.112014 0.530226
0.112291 0.542913
0.112567 0.519196
0.112844 0.534066
0.113121 0.526233
0.113398 0.523475
0.113675 0.524619
0.113952 0.512823
0.114229 0.515635
0.114506 0.522177
0.114782 0.521374
0.115059 0.517577
0.115336 0.520326
0.115613 0.516466
0.11589 0.509256
0.116167 0.50588
0.116444 0.506293
0.116721 0.50701
0.116997 0.496646
0.117274 0.495507
0.117551 0.495217
0.117828 0.507177
0.118105 0.495843
0.118382 0.497224
0.118659 0.503584
0.118936 0.49341
0.119213 0.493392
0.119489 0.492513
0.119766 0.48007
0.120043 0.476601
0.12032 0.490019
0.120597 0.484348
0.120874 0.474373
0.121151 0.471994
0.121428 0.477956
0.121704 0.481387
0.121981 0.486844
0.122258 0.472951
0.122535 0.476036
0.122812 0.477173
0.123089 0.467314
0.123366 0.468367
0.123643 0.465728
0.123919 0.458519
0.124196 0.474258
0.124473 0.463568
0.12475 0.465209
0.125027 0.462832
0.125304 0.458807
0.125581 0.454804
0.125858 0.46061
0.126134 0.456277
0.126411 0.449777
0.126688 0.448382
0.126965 0.451146
0.127242 0.450638
0.127519 0.433936
0.127796 0.441997
0.128073 0.44956
0.128349 0.449134
0.128626 0.439149
0.128903 0.439463
0.12918 0.44189
0.129457 0.437509
0.129734 0.429232
0.130011 0.434962
0.130288 0.426286
0.130565 0.441016
0.130841 0.429754
0.131118 0.437369
0.131395 0.425186
0.131672 0.425246
0.131949 0.428481
0.132226 0.421771
0.132503 0.426583
0.13278 0.414751
0.133056 0.425029
0.133333 0.423099
0.13361 0.423196
0.133887 0.417763
0.134164 0.40756
0.134441 0.426351
0.134718 0.416527
0.134995 0.413641
0.135271 0.411431
0.135548 0.414864
0.135825 0.408409
0.136102 0.412246
0.136379 0.416208
0.136656 0.40789
0.136933 0.397992
0.13721 0.385384
0.137486 0.405602
0.137763 0.393857
0.13804 0.398239
0.138317 0.393587
0.138594 0.396854
0.138871 0.394839
0.139148 0.389565
0.139425 0.393488
0.139701 0.394693
0.139978 0.389685
0.140255 0.393942
0.140532 0.392076
0.140809 0.378451
0.141086 0.372087
0.141363 0.389523
0.14164 0.381543
0.141917 0.390807
0.142193 0.391296
0.14247 0.373023
0.142747 0.373853
0.143024 0.369222
0.143301 0.388074
0.143578 0.368488
0.143855 0.35982
0.144132 0.366414
0.144408 0.370934
0.144685 0.374288
0.144962 0.368055
0.145239 0.37608
0.145516 0.369564
0.145793 0.363261
0.14607 0.366574
0.146347 0.365711
0.146623 0.364627
0.1469 0.366662
0.147177 0.363981
0.147454 0.354445
0.147731 0.351533
0.148008 0.354199
0.148285 0.365548
0.148562 0.361333
0.148838 0.360308
0.149115 0.355063
0.149392 0.352434
0.149669 0.348391
0.149946 0.343462
0.150223 0.352995
0.1505 0.342078
0.150777 0.34984
0.151053 0.346957
0.15133 0.344932
0.151607 0.348157
0.151884 0.339417
0.152161 0.333172
0.152438 0.336927
0.152715 0.339199
0.152992 0.336017
0.153269 0.343988
0.153545 0.338142
0.153822 0.339984
0.154099 0.330805
0.154376 0.330599
0.154653 0.330182
0.15493 0.326639
0.155207 0.327077
0.155484 0.323225
0.15576 0.326576
0.156037 0.323053
0.156314 0.333474
0.156591 0.323882
0.156868 0.334756
0.157145 0.321889
0.157422 0.32617
0.157699 0.322683
0.157975 0.320058
0.158252 0.322274
0.158529 0.320025
0.158806 0.318861
0.159083 0.31553
0.15936 0.31304
0.159637 0.314943
0.159914 0.300641
0.16019 0.306896
0.160467 0.313663
0.160744 0.319858
0.161021 0.304728
0.161298 0.307618
0.161575 0.311439
0.161852 0.311815
0.162129 0.307814
0.162406 0.308547
0.162682 0.307786
0.162959 0.296629
0.163236 0.295409
0.163513 0.301251
0.16379 0.30498
0.164067 0.311292
0.164344 0.304227
0.164621 0.298051
0.164897 0.301003
0.165174 0.290002
0.165451 0.295758
0.165728 0.298823
0.166005 0.293878
0.166282 0.28904
0.166559 0.285615
0.166836 0.292195
0.167112 0.291317
0.167389 0.292434
0.167666 0.293865
0.167943 0.292936
0.16822 0.293931
0.168497 0.281851
0.168774 0.290261
0.169051 0.28703
0.169327 0.276335
0.169604 0.278363
0.169881 0.279851
0.170158 0.282529
0.170435 0.28281
0.170712 0.283913
0.170989 0.281133
0.171266 0.277271
0.171542 0.272986
0.171819 0.281409
0.172096 0.274121
0.172373 0.277554
0.17265 0.274145
0.172927 0.282383
0.173204 0.266712
0.173481 0.265327
0.173758 0.265442
0.174034 0.275595
0.174311 0.272394
0.174588 0.273979
0.174865 0.266049
0.175142 0.26718
0.175419 0.267037
0.175696 0.266063
0.175973 0.268074
0.176249 0.265532
0.176526 0.263117
0.176803 0.260621
0.17708 0.273146
0.177357 0.259072
0.177634 0.25952
0.177911 0.261524
0.178188 0.25655
0.178464 0.268897
0.178741 0.260528
0.179018 0.25761
0.179295 0.253001
0.179572 0.266651
0.179849 0.256749
0.180126 0.254687
0.180403 0.254253
0.180679 0.244945
0.180956 0.248273
0.181233 0.250644
0.18151 0.247497
0.181787 0.246186
0.182064 0.254094
0.182341 0.250908
0.182618 0.253098
0.182894 0.237896
0.183171 0.246722
0.183448 0.247724
0.183725 0.241209
0.184002 0.24698
0.184279 0.242235
0.184556 0.248185
0.184833 0.243609
0.18511 0.240159
0.185386 0.245273
0.185663 0.245975
0.18594 0.23935
0.186217 0.244168
0.186494 0.22946
0.186771 0.23731
0.187048 0.233484
0.187325 0.23478
0.187601 0.227608
0.187878 0.238117
0.188155 0.237678
0.188432 0.227951
0.188709 0.232911
0.188986 0.22896
0.189263 0.232999
0.18954 0.246082
0.189816 0.236736
0.190093 0.232093
0.19037 0.245642
0.190647 0.228345
0.190924 0.231369
0.191201 0.226877
0.191478 0.230278
0.191755 0.228395
0.192031 0.227062
0.192308 0.231103
0.192585 0.227691
0.192862 0.225005
0.193139 0.224286
0.193416 0.224806
0.193693 0.226211
0.19397 0.225203
0.194246 0.213434
0.194523 0.226708
0.1948 0.220556
0.195077 0.227925
0.195354 0.214116
0.195631 0.22305
0.195908 0.215524
0.196185 0.214588
0.196462 0.214191
0.196738 0.219952
0.197015 0.216252
0.197292 0.210268
0.197569 0.215064
0.197846 0.213195
0.198123 0.224873
0.1984 0.210143
0.198677 0.211689
0.198953 0.21395
0.19923 0.214775
0.199507 0.210663
0.199784 0.217016
0.200061 0.208539
0.200338 0.21085
0.200615 0.201093
0.200892 0.206544
0.201168 0.2119
0.201445 0.216284
0.201722 0.204772
0.201999 0.20448
0.202276 0.205162
0.202553 0.212602
0.20283 0.209144
0.203107 0.197712
0.203383 0.20216
0.20366 0.205073
0.203937 0.197926
0.204214 0.202104
0.204491 0.202743
0.204768 0.209806
0.205045 0.202599
0.205322 0.196501
0.205599 0.194709
0.205875 0.200139
0.206152 0.199189
0.206429 0.196168
0.206706 0.197008
0.206983 0.198917
0.20726 0.195281
0.207537 0.199007
0.207814 0.196286
0.20809 0.203547
0.208367 0.193851
0.208644 0.197941
0.208921 0.194462
0.209198 0.194682
0.209475 0.190434
0.209752 0.196016
0.210029 0.187726
0.210305 0.18904
0.210582 0.184802
0.210859 0.191223
0.211136 0.184587
0.211413 0.184012
0.21169 0.186643
0.211967 0.187552
0.212244 0.189441
0.21252 0.186467
0.212797 0.184864
0.213074 0.183152
0.213351 0.179201
0.213628 0.184418
0.213905 0.182882
0.214182 0.190103
0.214459 0.182158
0.214735 0.179246
0.215012 0.180813
0.215289 0.181503
0.215566 0.177492
0.215843 0.17508
0.21612 0.184992
0.216397 0.185582
0.216674 0.185204
0.216951 0.180008
0.217227 0.176353
0.217504 0.176911
0.217781 0.176001
0.218058 0.17687
0.218335 0.180745
0.218612 0.181461
0.218889 0.176881
0.219166 0.180397
0.219442 0.18153
0.219719 0.18556
0.219996 0.182403
0.220273 0.172878
0.22055 0.181086
0.220827 0.169352
0.221104 0.176636
0.221381 0.177932
0.221657 0.177076
0.221934 0.175138
0.222211 0.170618
0.222488 0.173834
0.222765 0.171417
0.223042 0.174656
0.223319 0.165767
0.223596 0.169559
0.223872 0.164081
0.224149 0.16282
0.224426 0.168974
0.224703 0.168865
0.22498 0.170446
0.225257 0.163595
0.225534 0.168556
0.225811 0.172504
0.226087 0.171364
0.226364 0.16872
0.226641 0.159324
0.226918 0.162372
0.227195 0.168982
0.227472 0.159526
0.227749 0.15881
0.228026 0.167437
0.228303 0.16364
0.228579 0.163969
0.228856 0.165631
0.229133 0.160931
0.22941 0.162081
0.229687 0.168329
0.229964 0.160077
0.230241 0.164337
0.230518 0.160608
0.230794 0.158134
0.231071 0.162334
0.231348 0.165326
0.231625 0.160133
0.231902 0.154769
0.232179 0.166314
0.232456 0.157007
0.232733 0.155476
0.233009 0.160893
0.233286 0.151394
0.233563 0.149693
0.23384 0.158211
0.234117 0.152721
0.234394 0.154649
0.234671 0.148559
0.234948 0.1483
0.235224 0.154789
0.235501 0.153343
0.235778 0.153976
0.236055 0.155706
0.236332 0.15664
0.236609 0.151172
0.236886 0.153302
0.237163 0.148324
0.237439 0.15288
0.237716 0.150629
0.237993 0.149231
0.23827 0.145576
0.238547 0.147011
0.238824 0.149496
0.239101 0.156023
0.239378 0.150721
0.239655 0.15052
0.239931 0.151487
0.240208 0.1481
0.240485 0.151877
0.240762 0.145961
0.241039 0.149631
0.241316 0.152815
0.241593 0.143272
0.24187 0.147704
0.242146 0.15236
0.242423 0.146413
0.2427 0.141547
0.242977 0.140314
0.243254 0.145067
0.243531 0.15456
0.243808 0.146775
0.244085 0.13916
0.244361 0.151192
0.244638 0.147199
0.244915 0.139683
0.245192 0.141083
0.245469 0.146512
0.245746 0.141244
0.246023 0.141496
0.2463 0.144875
0.246576 0.147194
0.246853 0.137634
0.24713 0.136856
0.247407 0.141002
0.247684 0.14346
0.247961 0.139605
0.248238 0.136215
0.248515 0.136495
0.248792 0.132872
0.249068 0.137075
0.249345 0.143105
0.249622 0.138019
0.249899 0.135443
0.250176 0.134886
0.250453 0.141469
0.25073 0.142404
0.251007 0.137028
0.251283 0.134171
0.25156 0.134447
0.251837 0.131575
0.252114 0.133076
0.252391 0.135966
0.252668 0.137846
0.252945 0.132003
0.253222 0.131208
0.253498 0.134203
0.253775 0.136744
0.254052 0.130568
0.254329 0.126691
0.254606 0.132573
0.254883 0.137234
0.25516 0.126775
0.255437 0.129493
0.255713 0.131656
0.25599 0.127665
0.256267 0.136826
0.256544 0.132604
0.256821 0.128045
0.257098 0.130642
0.257375 0.124146
0.257652 0.12389
0.257928 0.131229
0.258205 0.126536
0.258482 0.134036
0.258759 0.11718
0.259036 0.130991
0.259313 0.129632
0.25959 0.123677
0.259867 0.126811
0.260144 0.133066
0.26042 0.126241
0.260697 0.126429
0.260974 0.127629
0.261251 0.12171
0.261528 0.12907
0.261805 0.126839
0.262082 0.119542
0.262359 0.124526
0.262635 0.121114
0.262912 0.124417
0.263189 0.117223
0.263466 0.115907
0.263743 0.128817
0.26402 0.119401
0.264297 0.118033
0.264574 0.125611
0.26485 0.127256
0.265127 0.127103
0.265404 0.119548
0.265681 0.120462
0.265958 0.122118
0.266235 0.111764
0.266512 0.117833
0.266789 0.124195
0.267065 0.124032
0.267342 0.116701
0.267619 0.114558
0.267896 0.117711
0.268173 0.116536
0.26845 0.11686
0.268727 0.117153
0.269004 0.11694
0.26928 0.124238
0.269557 0.115902
0.269834 0.117679
0.270111 0.11547
0.270388 0.121072
0.270665 0.112066
0.270942 0.115824
0.271219 0.11665
0.271496 0.11691
0.271772 0.118549
0.272049 0.112648
0.272326 0.114932
0.272603 0.126419
0.27288 0.11739
0.273157 0.114492
0.273434 0.122168
0.273711 0.114081
0.273987 0.111048
0.274264 0.110815
0.274541 0.114506
0.274818 0.114908
0.275095 0.11715
0.275372 0.121496
0.275649 0.112849
0.275926 0.106938
0.276202 0.108011
0.276479 0.112847
0.276756 0.10998
0.277033 0.114607
0.27731 0.111165
0.277587 0.109623
0.277864 0.114193
0.278141 0.109796
0.278417 0.110057
0.278694 0.102557
0.278971 0.116614
0.279248 0.112977
0.279525 0.110802
0.279802 0.111732
0.280079 0.113757
0.280356 0.105604
0.280632 0.108535
0.280909 0.1084
0.281186 0.112728
0.281463 0.104615
0.28174 0.110723
0.282017 0.106651
0.282294 0.099718
0.282571 0.105914
0.282848 0.104586
0.283124 0.112832
0.283401 0.112065
0.283678 0.106092
0.283955 0.107399
0.284232 0.106421
0.284509 0.104032
0.284786 0.107715
0.285063 0.103177
0.285339 0.10521
0.285616 0.104734
0.285893 0.101179
0.28617 0.111403
0.286447 0.10411
0.286724 0.102904
0.287001 0.110656
0.287278 0.0978922
0.287554 0.102487
0.287831 0.105575
0.288108 0.108675
0.288385 0.0985649
0.288662 0.0987187
0.288939 0.104838
0.289216 0.0989399
0.289493 0.104947
0.289769 0.0994915
0.290046 0.101012
0.290323 0.104507
0.2906 0.09918
0.290877 0.106531
0.291154 0.103691
0.291431 0.10273
0.291708 0.0962011
0.291985 0.101074
0.292261 0.101145
0.292538 0.10059
0.292815 0.10138
0.293092 0.101424
0.293369 0.104295
0.293646 0.104256
0.293923 0.0993297
0.2942 0.0940886
0.294476 0.102093
0.294753 0.101839
0.29503 0.100058
0.295307 0.10315
0.295584 0.0997143
0.295861 0.0965986
0.296138 0.0920192
0.296415 0.0898759
0.296691 0.0977199
0.296968 0.0915432
0.297245 0.0892365
0.297522 0.100467
0.297799 0.0992284
0.298076 0.0958616
0.298353 0.100566
0.29863 0.0956709
0.298906 0.094079
0.299183 0.0911774
0.29946 0.0956219
0.299737 0.100513
0.300014 0.0950857
0.300291 0.0950674
0.300568 0.0883142
0.300845 0.0854369
0.301121 0.0975325
0.301398 0.0970705
0.301675 0.0937425
0.301952 0.0957931
0.302229 0.0959183
0.302506 0.0938471
0.302783 0.0935154
0.30306 0.0905725
0.303337 0.0916649
0.303613 0.0917491
0.30389 0.0948336
0.304167 0.0892756
0.304444 0.0909473
0.304721 0.0938738
0.304998 0.0894786
0.305275 0.0883515
0.305552 0.0845001
0.305828 0.0873512
0.306105 0.0989118
0.306382 0.0912105
0.306659 0.0942194
0.306936 0.0909655
0.307213 0.0907242
0.30749 0.0873349
0.307767 0.0955108
0.308043 0.0798067
0.30832 0.0840726
0.308597 0.0910346
0.308874 0.0890455
0.309151 0.079647
0.309428 0.0912098
0.309705 0.0882866
0.309982 0.0894782
0.310258 0.0884769
0.310535 0.0838254
0.310812 0.0911669
0.311089 0.0889249
0.311366 0.0878403
0.311643 0.0887997
0.31192 0.0917977
0.312197 0.0899476
0.312473 0.0865145
0.31275 0.08689
0.313027 0.0820357
0.313304 0.0861695
0.313581 0.0890013
0.313858 0.0834116
0.314135 0.081284
0.314412 0.0877832
0.314689 0.0896335
0.314965 0.086036
0.315242 0.0869447
0.315519 0.0857047
0.315796 0.0829096
0.316073 0.081654
0.31635 0.0861964
0.316627 0.0887141
0.316904 0.0846772
0.31718 0.0845519
0.317457 0.0827532
0.317734 0.0825895
0.318011 0.0862148
0.318288 0.0861549
0.318565 0.0879314
0.318842 0.0841162
0.319119 0.0821451
0.319395 0.0867135
0.319672 0.0827178
0.319949 0.0818244
0.320226 0.0824313
0.320503 0.0831264
0.32078 0.0800201
0.321057 0.0836111
0.321334 0.0744579
0.32161 0.0798807
0.321887 0.0784664
0.322164 0.0837093
0.322441 0.0742102
0.322718 0.0774555
0.322995 0.0775772
0.323272 0.084213
0.323549 0.0761707
0.323825 0.0814109
0.324102 0.0713232
0.324379 0.0828824
0.324656 0.0773723
0.324933 0.0807247
0.32521 0.0834076
0.325487 0.0829193
0.325764 0.0734152
0.326041 0.0775195
0.326317 0.079803
0.326594 0.0796844
0.326871 0.0785523
0.327148 0.0724866
0.327425 0.0775479
0.327702 0.075784
0.327979 0.0752065
0.328256 0.0736024
0.328532 0.074244
0.328809 0.0749111
0.329086 0.0801747
0.329363 0.0743587
0.32964 0.070723
0.329917 0.0758027
0.330194 0.0756284
0.330471 0.0769385
0.330747 0.0781157
0.331024 0.0751887
0.331301 0.0748881
0.331578 0.0745576
0.331855 0.0756284
0.332132 0.071243
0.332409 0.0735389
0.332686 0.0843812
0.332962 0.0761448
0.333239 0.076512
0.333516 0.0756927
0.333793 0.0746976
0.33407 0.0772098
0.334347 0.0751233
0.334624 0.0773376
0.334901 0.0720661
0.335178 0.0740133
0.335454 0.075715
0.335731 0.0731326
0.336008 0.0742937
0.336285 0.0741585
0.336562 0.075777
0.336839 0.0784171
0.337116 0.0761424
0.337393 0.0755789
0.337669 0.079859
0.337946 0.0701114
0.338223 0.0734377
0.3385 0.0731863
0.338777 0.0692324
0.339054 0.0730398
0.339331 0.0800275
0.339608 0.0747601
0.339884 0.0685254
0.340161 0.0715346
0.340438 0.0784684
0.340715 0.0652183
0.340992 0.0715969
0.341269 0.076199
0.341546 0.068952
0.341823 0.0680405
0.342099 0.073471
0.342376 0.075702
0.342653 0.0737104
0.34293 0.0699594
0.343207 0.0688079
0.343484 0.0682417
0.343761 0.0741798
0.344038 0.0687403
0.344314 0.0668997
0.344591 0.0701201
0.344868 0.0659773
0.345145 0.0721284
0.345422 0.0703321
0.345699 0.0704406
0.345976 0.0726061
0.346253 0.0684194
0.34653 0.0698059
0.346806 0.0710403
0.347083 0.0732063
0.34736 0.0722254
0.347637 0.0727094
0.347914 0.0675277
0.348191 0.0703322
0.348468 0.0615482
0.348745 0.0645498
0.349021 0.0693013
0.349298 0.0688027
0.349575 0.0614004
0.349852 0.0640516
0.350129 0.0720854
0.350406 0.0724281
0.350683 0.067186
0.35096 0.0646243
0.351236 0.0680197
0.351513 0.0693839
0.35179 0.0667754
0.352067 0.0676234
0.352344 0.0688426
0.352621 0.0636016
0.352898 0.0742472
0.353175 0.0658245
0.353451 0.064738
0.353728 0.0593263
0.354005 0.063908
0.354282 0.0681577
0.354559 0.0640952
0.354836 0.069252
0.355113 0.0613246
0.35539 0.0621427
0.355666 0.0616787
0.355943 0.0643168
0.35622 0.059764
0.356497 0.071138
0.356774 0.0646728
0.357051 0.0704414
0.357328 0.068237
0.357605 0.0615131
0.357882 0.0637513
0.358158 0.0658876
0.358435 0.0568928
0.358712 0.0655418
0.358989 0.0704061
0.359266 0.0711302
0.359543 0.058705
0.35982 0.0623964
0.360097 0.0626493
0.360373 0.0664917
0.36065 0.0634944
0.360927 0.0683503
0.361204 0.0721953
0.361481 0.0638226
0.361758 0.0609696
0.362035 0.0613362
0.362312 0.0571583
0.362588 0.0616908
0.362865 0.0656678
0.363142 0.0577238
0.363419 0.0674151
0.363696 0.0632984
0.363973 0.0576069
0.36425 0.0620953
0.364527 0.0689922
0.364803 0.0605226
0.36508 0.0552479
0.365357 0.0599794
0.365634 0.0609193
0.365911 0.0601596
0.366188 0.0631133
0.366465 0.0605618
0.366742 0.0626471
0.367018 0.0542928
0.367295 0.0673433
0.367572 0.0606941
0.367849 0.0640941
0.368126 0.0614902
0.368403 0.0613561
0.36868 0.0649857
0.368957 0.0626764
0.369234 0.0652034
0.36951 0.0555537
0.369787 0.0656225
0.370064 0.0605839
0.370341 0.0650271
0.370618 0.0587938
0.370895 0.0601192
0.371172 0.0616073
0.371449 0.0612914
0.371725 0.0560778
0.372002 0.0625807
0.372279 0.0591821
0.372556 0.0589385
0.372833 0.0590438
0.37311 0.0614492
0.373387 0.057926
0.373664 0.0588875
0.37394 0.0616471
0.374217 0.057107
0.374494 0.0535704
0.374771 0.0548856
0.375048 0.0636667
0.375325 0.0557043
0.375602 0.0607561
0.375879 0.0522316
0.376155 0.0546404
0.376432 0.0590934
0.376709 0.0601385
0.376986 0.0592505
0.377263 0.0608039
0.37754 0.0537193
0.377817 0.0574703
0.378094 0.0615555
0.378371 0.0531506
0.378647 0.0648476
0.378924 0.0602419
0.379201 0.0566723
0.379478 0.0571667
0.379755 0.0581743
0.380032 0.0477903
0.380309 0.0556197
0.380586 0.0582985
0.380862 0.0597963
0.381139 0.0573823
0.381416 0.0571506
0.381693 0.0535672
0.38197 0.0549845
0.382247 0.0547916
0.382524 0.0571261
0.382801 0.0590251
0.383077 0.0538167
0.383354 0.0561243
0.383631 0.0581184
0.383908 0.0574444
0.384185 0.0549444
0.384462 0.0558394
0.384739 0.053251
0.385016 0.055108
0.385292 0.057387
0.385569 0.0568749
0.385846 0.0551212
0.386123 0.0468091
0.3864 0.063469
0.386677 0.0573567
0.386954 0.0547321
0.387231 0.058155
0.387507 0.0499006
0.387784 0.0525897
0.388061 0.0530005
0.388338 0.0554038
0.388615 0.0573812
0.388892 0.0505264
0.389169 0.0554213
0.389446 0.0489457
0.389723 0.0511821
0.389999 0.0522867
0.390276 0.056906
0.390553 0.0587948
0.39083 0.0529604
0.391107 0.0541646
0.391384 0.0544966
0.391661 0.0493897
0.391938 0.0526326
0.392214 0.0584987
0.392491 0.0482734
0.392768 0.0523029
0.393045 0.0533737
0.393322 0.059298
0.393599 0.0524493
0.393876 0.0509931
0.394153 0.0496369
0.394429 0.0547351
0.394706 0.0515223
0.394983 0.0510413
0.39526 0.054714
0.395537 0.0489383
0.395814 0.0543922
0.396091 0.0498207
0.396368 0.0526768
0.396644 0.0507431
0.396921 0.0551867
0.397198 0.0532137
0.397475 0.0533771
0.397752 0.0516424
0.398029 0.0511327
0.398306 0.0522916
0.398583 0.0470961
0.398859 0.054958
0.399136 0.051381
0.399413 0.0540032
0.39969 0.0463159
0.399967 0.0500834
0.400244 0.0546969
0.400521 0.0539555
0.400798 0.0532101
0.401075 0.053997
0.401351 0.0518995
0.401628 0.047454
0.401905 0.048439
0.402182 0.0460422
0.402459 0.0499924
0.402736 0.0437928
0.403013 0.0551279
0.40329 0.0492949
0.403566 0.0502718
0.403843 0.0544935
0.40412 0.0498834
0.404397 0.0471176
0.404674 0.052684
0.404951 0.0529673
0.405228 0.0457451
0.405505 0.0424769
0.405781 0.0418538
0.406058 0.0497834
0.406335 0.0433901
0.406612 0.0535136
0.406889 0.0481968
0.407166 0.0486787
0.407443 0.0473455
0.40772 0.0514654
0.407996 0.0535366
0.408273 0.0527659
0.40855 0.0491263
0.408827 0.046341
0.409104 0.0501671
0.409381 0.0510138
0.409658 0.0452771
0.409935 0.0483317
0.410211 0.0476404
0.410488 0.0473213
0.410765 0.0471025
0.411042 0.0420933
0.411319 0.0522835
0.411596 0.0460861
0.411873 0.0497115
0.41215 0.0482283
0.412427 0.0497269
0.412703 0.0410736
0.41298 0.0482739
0.413257 0.0508083
0.413534 0.0476123
0.413811 0.0485826
0.414088 0.0448993
0.414365 0.0475071
0.414642 0.0396311
0.414918 0.0448878
0.415195 0.04906
0.415472 0.0472389
0.415749 0.0432775
0.416026 0.0449586
0.416303 0.0410063
0.41658 0.0470143
0.416857 0.0492319
0.417133 0.0483127
0.41741 0.0491405
0.417687 0.0416963
0.417964 0.0420543
0.418241 0.0395159
0.418518 0.0464109
0.418795 0.0445541
0.419072 0.051519
0.419348 0.0431181
0.419625 0.0489916
0.419902 0.0453632
0.420179 0.0464381
0.420456 0.0529589
0.420733 0.0421883
0.42101 0.0407523
0.421287 0.0423273
0.421564 0.0436731
0.42184 0.0452054
0.422117 0.0558883
0.422394 0.0424662
0.422671 0.0448864
0.422948 0.0465858
0.423225 0.0488099
0.423502 0.0418046
0.423779 0.0427577
0.424055 0.0461696
0.424332 0.0479125
0.424609 0.0452911
0.424886 0.0416406
0.425163 0.0427417
0.42544 0.0485382
0.425717 0.0423774
0.425994 0.0478437
0.42627 0.0469571
0.426547 0.0409902
0.426824 0.0432811
0.427101 0.0360728
0.427378 0.0401858
0.427655 0.0457708
0.427932 0.0431392
0.428209 0.0448981
0.428485 0.0531603
0.428762 0.0458139
0.429039 0.0460754
0.429316 0.041071
0.429593 0.0461414
0.42987 0.0439087
0.430147 0.0424074
0.430424 0.0459439
0.4307 0.0409636
0.430977 0.0463219
0.431254 0.0459787
0.431531 0.0417649
0.431808 0.039703
0.432085 0.0392022
0.432362 0.046737
0.432639 0.0496112
0.432916 0.0476167
0.433192 0.0410526
0.433469 0.0390246
0.433746 0.0391344
0.434023 0.0429551
0.4343 0.0422324
0.434577 0.0416638
0.434854 0.0437645
0.435131 0.0417136
0.435407 0.0421696
0.435684 0.0446526
0.435961 0.03781
0.436238 0.038974
0.436515 0.0391639
0.436792 0.0421616
0.437069 0.0453427
0.437346 0.04328
0.437622 0.0440061
0.437899 0.0429111
0.438176 0.0406231
0.438453 0.0420606
0.43873 0.0394539
0.439007 0.0459821
0.439284 0.0348264
0.439561 0.0408237
0.439837 0.0401145
0.440114 0.0414816
0.440391 0.0416327
0.440668 0.0406273
0.440945 0.0361746
0.441222 0.0443971
0.441499 0.0395367
0.441776 0.0401824
0.442052 0.0502892
0.442329 0.046171
0.442606 0.0426861
0.442883 0.0414005
0.44316 0.0418928
0.443437 0.0431367
0.443714 0.0410703
0.443991 0.0426579
0.444268 0.036285
0.444544 0.0412216
0.444821 0.0437407
0.445098 0.0396149
0.445375 0.0432079
0.445652 0.0486368
0.445929 0.0397931
0.446206 0.0362274
0.446483 0.0437299
0.446759 0.0439423
0.447036 0.0339865
0.447313 0.0389777
0.44759 0.0447
0.447867 0.0386628
0.448144 0.0426944
0.448421 0.0379097
0.448698 0.0372914
0.448974 0.0443915
0.449251 0.0482945
0.449528 0.0433586
0.449805 0.0445623
0.450082 0.0372777
0.450359 0.0377873
0.450636 0.0435569
0.450913 0.0408675
0.451189 0.0385249
0.451466 0.0481379
0.451743 0.0391717
0.45202 0.0358587
0.452297 0.0445792
0.452574 0.041028
0.452851 0.0381732
0.453128 0.0488176
0.453404 0.041054
0.453681 0.045613
0.453958 0.040939
0.454235 0.0404669
0.454512 0.0322949
0.454789 0.0436084
0.455066 0.0409204
0.455343 0.043616
0.45562 0.0361372
0.455896 0.0357564
0.456173 0.0409551
0.45645 0.0388696
0.456727 0.0373534
0.457004 0.0416186
0.457281 0.040101
0.457558 0.0379887
0.457835 0.0399296
0.458111 0.0366609
0.458388 0.0353737
0.458665 0.0407539
0.458942 0.0356462
0.459219 0.0432826
0.459496 0.0364193
0.459773 0.0352851
0.46005 0.0387558
0.460326 0.0358329
0.460603 0.0401467
0.46088 0.0390891
0.461157 0.0405703
0.461434 0.0363673
0.461711 0.0419893
0.461988 0.0399904
0.462265 0.0366613
0.462541 0.0340736
0.462818 0.0394259
0.463095 0.0376307
0.463372 0.0415874
0.463649 0.0408083
0.463926 0.0311704
0.464203 0.0362227
0.46448 0.0353027
0.464757 0.0350004
0.465033 0.0365759
0.46531 0.0345283
0.465587 0.0358857
0.465864 0.0339532
0.466141 0.0318118
0.466418 0.0337801
0.466695 0.0366091
0.466972 0.0390466
0.467248 0.0382054
0.467525 0.0323317
0.467802 0.0364776
0.468079 0.0349955
0.468356 0.0377984
0.468633 0.0364163
0.46891 0.0310816
0.469187 0.0361959
0.469463 0.0343244
0.46974 0.0341719
0.470017 0.0397081
0.470294 0.0377748
0.470571 0.037739
0.470848 0.0415049
0.471125 0.0341665
0.471402 0.0412634
0.471678 0.0349009
0.471955 0.0307133
0.472232 0.0400223
0.472509 0.0341842
0.472786 0.0339951
0.473063 0.0349768
0.47334 0.0374061
0.473617 0.0359276
0.473893 0.0347761
0.47417 0.0400062
0.474447 0.0346729
0.474724 0.0380027
0.475001 0.0359062
0.475278 0.038525
0.475555 0.0302388
0.475832 0.0320831
0.476109 0.0384397
0.476385 0.0355108
0.476662 0.0350586
0.476939 0.0381285
0.477216 0.0366209
0.477493 0.033283
0.47777 0.0381687
0.478047 0.0365121
0.478324 0.0278329
0.4786 0.038925
0.478877 0.0382603
0.479154 0.0350835
0.479431 0.031862
0.479708 0.0315637
0.479985 0.0316535
0.480262 0.0357641
0.480539 0.0356006
0.480815 0.0345592
0.481092 0.0352372
0.481369 0.0375456
0.481646 0.0280279
0.481923 0.0287724
0.4822 0.0339228
0.482477 0.0319667
0.482754 0.0326054
0.48303 0.0322788
0.483307 0.0375282
0.483584 0.0300087
0.483861 0.0341068
0.484138 0.0360587
0.484415 0.0334967
0.484692 0.038776
0.484969 0.0325363
0.485245 0.0340832
0.485522 0.0347581
0.485799 0.0401331
0.486076 0.0385503
0.486353 0.0322829
0.48663 0.0321134
0.486907 0.0321963
0.487184 0.0346552
0.487461 0.0329366
0.487737 0.0353937
0.488014 0.0300182
0.488291 0.0268507
0.488568 0.0391161
0.488845 0.0366305
0.489122 0.0331536
0.489399 0.0342953
0.489676 0.0292116
0.489952 0.0324446
0.490229 0.0346131
0.490506 0.0388523
0.490783 0.0293548
0.49106 0.0317374
0.491337 0.0385706
0.491614 0.0313304
0.491891 0.0312381
0.492167 0.0377849
0.492444 0.0335664
0.492721 0.0313374
0.492998 0.039277
0.493275 0.0330079
0.493552 0.0330172
0.493829 0.032464
0.494106 0.0330521
0.494382 0.0343849
0.494659 0.0326842
0.494936 0.03312
0.495213 0.031047
0.49549 0.0366232
0.495767 0.0343587
0.496044 0.0284334
0.496321 0.0376833
0.496597 0.0368753
0.496874 0.0415822
0.497151 0.0238202
0.497428 0.0313586
0.497705 0.0347706
0.497982 0.0351005
0.498259 0.0292306
0.498536 0.0263184
0.498813 0.0304953
0.499089 0.032877
0.499366 0.0310493
0.499643 0.0315749
0.49992 0.0339654
0.500197 0.0359932
0.500474 0.03213
0.500751 0.0342937
0.501028 0.0359359
0.501304 0.0311499
0.501581 0.0387016
0.501858 0.0323286
0.502135 0.0312565
0.502412 0.0304082
0.502689 0.0355112
0.502966 0.0312844
0.503243 0.0323473
0.503519 0.034507
0.503796 0.0321105
0.504073 0.0335908
0.50435 0.0333146
0.504627 0.0321435
0.504904 0.0353602
0.505181 0.0346167
0.505458 0.031373
0.505734 0.0313269
0.506011 0.0307625
0.506288 0.0287328
0.506565 0.0315508
0.506842 0.0318382
0.507119 0.0311096
0.507396 0.0293725
0.507673 0.0285394
0.50795 0.0308478
0.508226 0.0283594
0.508503 0.0274634
0.50878 0.0334006
0.509057 0.0279781
0.509334 0.0337743
0.509611 0.0371213
0.509888 0.0249528
0.510165 0.027783
0.510441 0.0331913
0.510718 0.0320863
0.510995 0.0315744
0.511272 0.0282782
0.511549 0.0242853
0.511826 0.0298666
0.512103 0.0320504
0.51238 0.0340173
0.512656 0.0238416
0.512933 0.0328412
0.51321 0.03275
0.513487 0.0314956
0.513764 0.0297922
0.514041 0.0257546
0.514318 0.0355473
0.514595 0.0308464
0.514871 0.0247114
0.515148 0.0333749
0.515425 0.0296668
0.515702 0.0320517
0.515979 0.02984
0.516256 0.0309518
0.516533 0.0341843
0.51681 0.0226747
0.517086 0.0256007
0.517363 0.0297878
0.51764 0.0328401
0.517917 0.0348294
0.518194 0.0299775
0.518471 0.0319689
0.518748 0.0388633
0.519025 0.0329527
0.519302 0.0323917
0.519578 0.0344999
0.519855 0.0273858
0.520132 0.0345899
0.520409 0.031845
0.520686 0.0240073
0.520963 0.0273576
0.52124 0.0318432
0.521517 0.0320605
0.521793 0.0318283
0.52207 0.0304959
0.522347 0.0322157
0.522624 0.0287948
0.522901 0.0282461
0.523178 0.025862
0.523455 0.0310387
0.523732 0.0268374
0.524008 0.0205957
0.524285 0.0282304
0.524562 0.026505
0.524839 0.0289684
0.525116 0.0252501
0.525393 0.0225312
0.52567 0.0295502
0.525947 0.0285115
0.526223 0.0287978
0.5265 0.0259263
0.526777 0.0286549
0.527054 0.0276214
0.527331 0.0295921
0.527608 0.0275977
0.527885 0.0293527
0.528162 0.0345093
0.528438 0.0314338
0.528715 0.0302519
0.528992 0.0319193
0.529269 0.0223618
0.529546 0.0290998
0.529823 0.0304285
0.5301 0.0263687
0.530377 0.0302405
0.530654 0.0296515
0.53093 0.0293336
0.531207 0.0300117
0.531484 0.0321084
0.531761 0.0216612
0.532038 0.0262809
0.532315 0.0283834
0.532592 0.0241985
0.532869 0.0308517
0.533145 0.0276653
0.533422 0.0267713
0.533699 0.0269685
0.533976 0.0298968
0.534253 0.026141
0.53453 0.0298231
0.534807 0.0266523
0.535084 0.0335356
0.53536 0.0295189
0.535637 0.0286266
0.535914 0.0285852
0.536191 0.0305064
0.536468 0.0314615
0.536745 0.0168711
0.537022 0.0368994
0.537299 0.031528
0.537575 0.0276788
0.537852 0.0261144
0.538129 0.0305187
0.538406 0.0210875
0.538683 0.0237616
0.53896 0.0333894
0.539237 0.0329466
0.539514 0.0306144
0.53979 0.029813
0.540067 0.0283818
0.540344 0.0221839
0.540621 0.0317841
0.540898 0.0337583
0.541175 0.028476
0.541452 0.0325987
0.541729 0.0307549
0.542006 0.0298483
0.542282 0.029267
0.542559 0.0250062
0.542836 0.0250057
0.543113 0.0223356
0.54339 0.0199546
0.543667 0.0335728
0.543944 0.0252597
0.544221 0.0271463
0.544497 0.0292993
0.544774 0.0178466
0.545051 0.0256049
0.545328 0.0252914
0.545605 0.0300413
0.545882 0.0276592
0.546159 0.0205414
0.546436 0.0277822
0.546712 0.0342805
0.546989 0.0269439
0.547266 0.0256072
0.547543 0.0194606
0.54782 0.0303124
0.548097 0.0370073
0.548374 0.0286105
0.548651 0.024036
0.548927 0.0285852
0.549204 0.0195189
0.549481 0.0342566
0.549758 0.0215093
0.550035 0.0218541
0.550312 0.0353228
0.550589 0.0334527
0.550866 0.0255505
0.551143 0.0177756
0.551419 0.0283837
0.551696 0.0274861
0.551973 0.0340164
0.55225 0.0292608
0.552527 0.0304986
0.552804 0.0282571
0.553081 0.0279199
0.553358 0.0307249
0.553634 0.0259121
0.553911 0.0211248
0.554188 0.0252927
0.554465 0.0237164
0.554742 0.0268347
0.555019 0.0254484
0.555296 0.0322151
0.555573 0.0220848
0.555849 0.0266412
0.556126 0.0208557
0.556403 0.0224251
0.55668 0.0234357
0.556957 0.0231889
0.557234 0.025556
0.557511 0.0268135
0.557788 0.0336934
0.558064 0.0236049
0.558341 0.0300441
0.558618 0.0246472
0.558895 0.0195504
0.559172 0.0224273
0.559449 0.0302364
0.559726 0.0287019
0.560003 0.0261314
0.560279 0.026121
0.560556 0.0183058
0.560833 0.0316911
0.56111 0.0202389
0.561387 0.0252701
0.561664 0.0267965
0.561941 0.0247924
0.562218 0.0250468
0.562495 0.0250271
0.562771 0.0219141
0.563048 0.025181
0.563325 0.0230601
0.563602 0.0261484
0.563879 0.0223543
0.564156 0.0218568
0.564433 0.0231521
0.56471 0.0272872
0.564986 0.0233223
0.565263 0.0239109
0.56554 0.0237304
0.565817 0.0260733
0.566094 0.0220793
0.566371 0.0214542
0.566648 0.0251751
0.566925 0.0156958
0.567201 0.0244884
0.567478 0.0210759
0.567755 0.0240914
0.568032 0.0193937
0.568309 0.0291621
0.568586 0.0262055
0.568863 0.0305143
0.56914 0.0212605
0.569416 0.0206282
0.569693 0.0239088
0.56997 0.0236459
0.570247 0.0223504
0.570524 0.0244738
0.570801 0.0241059
0.571078 0.0244628
0.571355 0.0226852
0.571631 0.0208018
0.571908 0.024114
0.572185 0.0234343
0.572462 0.0292915
0.572739 0.0269483
0.573016 0.0225145
0.573293 0.0215132
0.57357 0.0258451
0.573847 0.023926
0.574123 0.02105
0.5744 0.0218686
0.574677 0.0234948
0.574954 0.0187125
0.575231 0.0220138
0.575508 0.0271131
0.575785 0.025214
0.576062 0.0190879
0.576338 0.0264653
0.576615 0.0199613
0.576892 0.0250855
0.577169 0.025523
0.577446 0.0277
0.577723 0.0266576
0.578 0.0283332
0.578277 0.0195975
0.578553 0.0242609
0.57883 0.0287993
0.579107 0.0304371
0.579384 0.025522
0.579661 0.0272541
0.579938 0.0190545
0.580215 0.0181517
0.580492 0.0191985
0.580768 0.0298765
0.581045 0.0248393
0.581322 0.0295527
0.581599 0.0202545
0.581876 0.0280444
0.582153 0.0296027
0.58243 0.0231736
0.582707 0.0212807
0.582983 0.0282868
0.58326 0.0286044
0.583537 0.0326719
0.583814 0.0242343
0.584091 0.0204259
0.584368 0.0219258
0.584645 0.0171981
0.584922 0.0257818
0.585199 0.0220895
0.585475 0.0242697
0.585752 0.0253085
0.586029 0.0236395
0.586306 0.0269163
0.586583 0.0214064
0.58686 0.0215303
0.587137 0.0275201
0.587414 0.0201024
0.58769 0.0302091
0.587967 0.0188399
0.588244 0.0229882
0.588521 0.0204261
0.588798 0.0248601
0.589075 0.030337
0.589352 0.029623
0.589629 0.0294061
0.589905 0.0200558
0.590182 0.0240808
0.590459 0.022725
0.590736 0.0228339
0.591013 0.0212472
0.59129 0.0263554
0.591567 0.0298435
0.591844 0.0155298
0.59212 0.027958
0.592397 0.0217037
0.592674 0.0227447
0.592951 0.0169482
0.593228 0.0200703
0.593505 0.0222875
0.593782 0.0277905
0.594059 0.0271424
0.594336 0.0229172
0.594612 0.0309626
0.594889 0.0212244
0.595166 0.0176612
0.595443 0.0212283
0.59572 0.0239255
0.595997 0.0254899
0.596274 0.0236347
0.596551 0.0228127
0.596827 0.0202706
0.597104 0.0258671
0.597381 0.0175184
0.597658 0.0202715
0.597935 0.0190585
0.598212 0.0240966
0.598489 0.0257523
0.598766 0.0241444
0.599042 0.0189588
0.599319 0.0179088
0.599596 0.0235688
0.599873 0.0227689
0.60015 0.0275556
0.600427 0.0245205
0.600704 0.0215197
0.600981 0.0211348
0.601257 0.0241571
0.601534 0.0262909
0.601811 0.0282702
0.602088 0.0207772
0.602365 0.022423
0.602642 0.0271021
0.602919 0.0185677
0.603196 0.0210642
0.603472 0.0226382
0.603749 0.0320088
0.604026 0.0229059
0.604303 0.0191372
0.60458 0.0191599
0.604857 0.0193534
0.605134 0.0269847
0.605411 0.0257223
0.605688 0.0202351
0.605964 0.0169919
0.606241 0.0156346
0.606518 0.0238654
0.606795 0.0150061
0.607072 0.024306
0.607349 0.0216258
0.607626 0.0183221
0.607903 0.0219434
0.608179 0.0193116
0.608456 0.0203841
0.608733 0.0315536
0.60901 0.0247557
0.609287 0.0265387
0.609564 0.0190449
0.609841 0.024465
0.610118 0.0166996
0.610394 0.0246765
0.610671 0.019438
0.610948 0.0276068
0.611225 0.0155676
0.611502 0.020437
0.611779 0.0255538
0.612056 0.0254403
0.612333 0.0237873
0.612609 0.0160325
0.612886 0.0222465
0.613163 0.017733
0.61344 0.0204787
0.613717 0.0219308
0.613994 0.0257779
0.614271 0.0182814
0.614548 0.0188444
0.614824 0.0263703
0.615101 0.0233192
0.615378 0.023128
0.615655 0.0151624
0.615932 0.021388
0.616209 0.0250127
0.616486 0.0196229
0.616763 0.0142066
0.61704 0.0206458
0.617316 0.0250258
0.617593 0.0235822
0.61787 0.0231976
0.618147 0.0235996
0.618424 0.0216507
0.618701 0.0156867
0.618978 0.0242281
0.619255 0.0223808
0.619531 0.0200106
0.619808 0.0232931
0.620085 0.0234891
0.620362 0.0243855
0.620639 0.0202658
0.620916 0.0164846
0.621193 0.0138039
0.62147 0.0215951
0.621746 0.0247476
0.622023 0.0176942
0.6223 0.0260197
0.622577 0.0235257
0.622854 0.0180545
0.623131 0.0212412
0.623408 0.0245472
0.623685 0.0167077
0.623961 0.0135008
0.624238 0.0215971
0.624515 0.0287085
0.624792 0.015103
0.625069 0.0172447
0.625346 0.013976
0.625623 0.0213633
0.6259 0.0245098
0.626176 0.0196669
0.626453 0.0252458
0.62673 0.0235444
0.627007 0.0182715
0.627284 0.020695
0.627561 0.0225885
0.627838 0.0216914
0.628115 0.0107299
0.628392 0.0250409
0.628668 0.0226088
0.628945 0.0200824
0.629222 0.0183264
0.629499 0.0209353
0.629776 0.0216623
0.630053 0.0288079
0.63033 0.0149998
0.630607 0.025828
0.630883 0.0252788
0.63116 0.0213304
0.631437 0.0266963
0.631714 0.0214816
0.631991 0.0199253
0.632268 0.0125159
0.632545 0.0240314
0.632822 0.0201007
0.633098 0.0298287
0.633375 0.022416
0.633652 0.0237797
0.633929 0.0144251
0.634206 0.0225384
0.634483 0.0219276
0.63476 0.0232733
0.635037 0.0227202
0.635313 0.0202409
0.63559 0.0289552
0.635867 0.0156441
0.636144 0.0265944
0.636421 0.0191076
0.636698 0.0265358
0.636975 0.0140663
0.637252 0.0204189
0.637529 0.0167908
0.637805 0.0211336
0.638082 0.025159
0.638359 0.0217097
0.638636 0.0197036
0.638913 0.0189867
0.63919 0.0229416
0.639467 0.01728
0.639744 0.0174802
0.64002 0.0167976
0.640297 0.0202154
0.640574 0.0224248
0.640851 0.0268543
0.641128 0.0252488
0.641405 0.022629
0.641682 0.016248
0.641959 0.0220282
0.642235 0.0157316
0.642512 0.0235598
0.642789 0.0199561
0.643066 0.0248218
0.643343 0.0227749
0.64362 0.0178881
0.643897 0.0288334
0.644174 0.0140766
0.64445 0.0236912
0.644727 0.0201721
0.645004 0.018875
0.645281 0.0185974
0.645558 0.0234603
0.645835 0.023038
0.646112 0.0139639
0.646389 0.0188245
0.646665 0.0136413
0.646942 0.0159076
0.647219 0.0166154
0.647496 0.0158249
0.647773 0.0205875
0.64805 0.0221018
0.648327 0.0183359
0.648604 0.0218882
0.648881 0.01456
0.649157 0.0151462
0.649434 0.0168365
0.649711 0.0233335
0.649988 0.022071
0.650265 0.0211859
0.650542 0.0198282
0.650819 0.0238434
0.651096 0.0237927
0.651372 0.0174232
0.651649 0.0243575
0.651926 0.0164403
0.652203 0.0200547
0.65248 0.0198349
0.652757 0.0188371
0.653034 0.0186768
0.653311 0.0204646
0.653587 0.0141785
0.653864 0.0230955
0.654141 0.0170095
0.654418 0.0234324
0.654695 0.0257758
0.654972 0.0219827
0.655249 0.0194893
0.655526 0.0139856
0.655802 0.0160252
0.656079 0.021359
0.656356 0.0149669
0.656633 0.0254468
0.65691 0.0237108
0.657187 0.023158
0.657464 0.0222448
0.657741 0.0151673
0.658017 0.0155785
0.658294 0.0270793
0.658571 0.018885
0.658848 0.0136717
0.659125 0.0192183
0.659402 0.0219492
0.659679 0.0212621
0.659956 0.0198468
0.660233 0.0140309
0.660509 0.0203383
0.660786 0.0198091
0.661063 0.0190447
0.66134 0.0132377
0.661617 0.0151777
0.661894 0.0195412
0.662171 0.0170403
0.662448 0.0263819
0.662724 0.0233156
0.663001 0.0183086
0.663278 0.0166419
0.663555 0.0273286
0.663832 0.0212715
0.664109 0.0155848
0.664386 0.00949366
0.664663 0.0184637
0.664939 0.012737
0.665216 0.0172484
0.665493 0.0217024
0.66577 0.0135025
0.666047 0.0194502
0.666324 0.0187538
0.666601 0.017946
0.666878 0.0178701
0.667154 0.0130603
0.667431 0.0170531
0.667708 0.0169613
0.667985 0.0188483
0.668262 0.0145214
0.668539 0.0170142
0.668816 0.0258302
0.669093 0.0129871
0.669369 0.0169408
0.669646 0.0214332
0.669923 0.0181785
0.6702 0.0186742
0.670477 0.0214355
0.670754 0.0139778
0.671031 0.0188325
0.671308 0.0189742
0.671585 0.0165955
0.671861 0.0188673
0.672138 0.0177728
0.672415 0.0167082
0.672692 0.0132043
0.672969 0.0207921
0.673246 0.0128912
0.673523 0.0109986
0.6738 0.0210837
0.674076 0.0245782
0.674353 0.0169518
0.67463 0.020078
0.674907 0.0229199
0.675184 0.0088237
0.675461 0.0191888
0.675738 0.0131268
0.676015 0.0101092
0.676291 0.0177628
0.676568 0.0191889
0.676845 0.028542
0.677122 0.0272855
0.677399 0.0121236
0.677676 0.0174192
0.677953 0.0124962
0.67823 0.020072
0.678506 0.0180552
0.678783 0.0138179
0.67906 0.00941245
0.679337 0.0250564
0.679614 0.0243093
0.679891 0.0164657
0.680168 0.0174256
0.680445 0.0129008
0.680722 0.0220377
0.680998 0.01616
0.681275 0.0326982
0.681552 0.0214165
0.681829 0.0242116
0.682106 0.025242
0.682383 0.0079848
0.68266 0.0189876
0.682937 0.0151393
0.683213 0.0204912
0.68349 0.0212229
0.683767 0.0173913
0.684044 0.0146073
0.684321 0.0181758
0.684598 0.0179249
0.684875 0.0158674
0.685152 0.0177193
0.685428 0.0192644
0.685705 0.0186469
0.685982 0.025964
0.686259 0.0267151
0.686536 0.0202996
0.686813 0.0173077
0.68709 0.0192347
0.687367 0.0296097
0.687643 0.0163994
0.68792 0.0218712
0.688197 0.0221815
0.688474 0.0111544
0.688751 0.028785
0.689028 0.0187264
0.689305 0.0247261
0.689582 0.0139666
0.689858 0.0187474
0.690135 0.0216354
0.690412 0.0181722
0.690689 0.0256853
0.690966 0.0183459
0.691243 0.0185371
0.69152 0.0183233
0.691797 0.0164197
0.692074 0.0204605
0.69235 0.0191032
0.692627 0.0102428
0.692904 0.0166694
0.693181 0.0343031
0.693458 0.0170072
0.693735 0.0186384
0.694012 0.0251113
0.694289 0.0297556
0.694565 0.019405
0.694842 0.0129777
0.695119 0.00916533
0.695396 0.0142092
0.695673 0.0193642
0.69595 0.0169454
0.696227 0.0115935
0.696504 0.0172448
0.69678 0.0105524
0.697057 0.00952024
0.697334 0.0194161
0.697611 0.0177888
0.697888 0.0113298
0.698165 0.0167232
0.698442 0.0267903
0.698719 0.0220222
0.698995 0.0126534
0.699272 0.0196799
0.699549 0.0233446
0.699826 0.0242707
0.700103 0.0108044
0.70038 0.0174737
0.700657 0.0275326
0.700934 0.00557921
0.70121 0.0140611
0.701487 0.0159138
0.701764 0.0127074
0.702041 0.0115688
0.702318 0.0233148
0.702872 0.0202555
0.703149 0.0150869
0.703426 0.0135722
0.703702 0.0105057
0.703979 0.00944649
0.704256 0.0219698
0.704533 0.0142373
0.70481 0.0205932
0.705087 0.026583
0.705364 0.00891192
0.705641 0.013882
0.705917 0.0275042
0.706194 0.0184431
0.706471 0.017217
0.706748 0.00957077
0.707025 0.018473
0.707302 0.0090733
0.707579 0.0335151
0.707856 0.0214305
0.708132 0.0232355
0.708409 0.0298905
0.708686 0.0255702
0.708963 0.00720376
0.70924 0.0201918
0.709517 0.0153122
0.709794 0.0103117
0.710071 0.0182118
0.710347 0.021858
0.710624 0.0081889
0.710901 0.0080769
0.711178 0.0138893
0.711455 0.00770174
0.711732 0.0214011
0.712009 0.0253033
0.712286 0.0026309
0.712562 0.00963654
0.712839 0.024612
0.713116 0.0187632
0.713393 0.0103248
0.71367 0.0235181
0.713947 0.0129109
0.714224 0.000469681
0.714501 0.0324934
0.714778 0.0142984
0.715054 0.029986
0.715331 0.0317487
0.715608 0.0105012
0.715885 0.0177713
0.716162 0.0273503
0.716439 0.0261529
0.716716 0.0403696
0.716993 0.0183792
0.717269 0.0152401
0.717546 0.0226942
0.717823 0.0297868
0.7181 0.0378123
0.718377 0.011347
0.718654 0.0240624
0.718931 0.0142616
0.719208 0.01622
0.719484 0.0309177
0.719761 0.000520442
0.720315 0.025523
0.720592 0.0307974
0.720869 0.00131837
0.721423 0.00848551
0.721976 0.00244244
0.722253 0.0365926
0.72253 0.0432294
0.722807 0.0393842
0.723638 0.0312809
0.723915 0.0178968
0.724191 0.0152335
0.724745 0.0375644
0.72613 0.0326121
0.726406 0.0496608
0.726683 0.00554319
0.72696 0.0694057
