0.024715 0.559534 0.00445475
0.024943 0.552281 0.0041755
0.025171 0.545716 0.00414625
0.025399 0.552254 0.00410546
0.025627 0.549145 0.0039357
0.025855 0.540799 0.00394004
0.026083 0.540614 0.00390693
0.0263109 0.534112 0.0038129
0.0265389 0.534802 0.00378927
0.0267669 0.53084 0.00372094
0.0269949 0.529191 0.00372931
0.0272229 0.525382 0.00369246
0.0274509 0.518522 0.00359671
0.0276789 0.515266 0.00356764
0.0279069 0.511751 0.00351075
0.0281349 0.508764 0.00352097
0.0283629 0.509467 0.00344331
0.0285909 0.503954 0.0033962
0.0288189 0.499531 0.00344556
0.0290469 0.494651 0.00333444
0.0292749 0.491943 0.00333346
0.0295029 0.487198 0.00325595
0.0297309 0.488315 0.00322377
0.0299589 0.488712 0.00325824
0.0301869 0.484231 0.00319768
0.0304149 0.478073 0.00313359
0.0306429 0.477803 0.0031144
0.0308709 0.475499 0.00309402
0.0310989 0.469683 0.00308754
0.0313269 0.46692 0.00302616
0.0315549 0.465185 0.00301118
0.0317829 0.462436 0.00298386
0.0320108 0.457927 0.00297411
0.0322388 0.453031 0.00292616
0.0324668 0.446694 0.00290852
0.0326948 0.443202 0.00292467
0.0329228 0.441175 0.00287325
0.0331508 0.443144 0.00283328
0.0333788 0.435641 0.00277764
0.0336068 0.433464 0.00280758
0.0338348 0.433447 0.00278204
0.0340628 0.42917 0.00278365
0.0342908 0.422585 0.00272985
0.0345188 0.423013 0.00270575
0.0347468 0.416368 0.00271306
0.0349748 0.411696 0.00267864
0.0352028 0.410659 0.00265669
0.0354308 0.409254 0.0026379
0.0356588 0.40756 0.00260147
0.0358868 0.401735 0.00263745
0.0361148 0.398896 0.00255255
0.0363428 0.393636 0.00256157
0.0365708 0.396122 0.00255506
0.0367988 0.393306 0.00253096
0.0370268 0.395384 0.00254165
0.0372548 0.390103 0.00248333
0.0374828 0.383599 0.00249405
0.0377108 0.382886 0.00247409
0.0379387 0.379525 0.00244066
0.0381667 0.37736 0.00244861
0.0383947 0.372996 0.00242349
0.0386227 0.369513 0.0024482
0.0388507 0.366124 0.00237989
0.0390787 0.364636 0.00236908
0.0393067 0.36272 0.00239554
0.0395347 0.360536 0.0023426
0.0397627 0.357913 0.00236959
0.0399907 0.356084 0.00232631
0.0402187 0.351875 0.00230425
0.0404467 0.349486 0.00231179
0.0406747 0.345087 0.00229934
0.0409027 0.344231 0.00228044
0.0411307 0.342485 0.00226275
0.0413587 0.339803 0.00227141
0.0415867 0.337537 0.00225635
0.0418147 0.333132 0.00225091
0.0420427 0.331455 0.00222161
0.0422707 0.324876 0.0022032
0.0424987 0.321829 0.00221295
0.0427267 0.321647 0.00219841
0.0429547 0.321575 0.00214931
0.0431827 0.320475 0.00216892
0.0434107 0.319572 0.00216786
0.0436386 0.318512 0.00215998
0.0438666 0.317214 0.00213579
0.0440946 0.312408 0.0021415
0.0443226 0.312082 0.00212655
0.0445506 0.309991 0.00211709
0.0447786 0.30816 0.00209832
0.0450066 0.304376 0.00207836
0.0452346 0.301783 0.00209266
0.0454626 0.300169 0.00209662
0.0456906 0.297496 0.00208554
0.0459186 0.294878 0.00205358
0.0461466 0.293152 0.0020425
0.0463746 0.290029 0.00203466
0.0466026 0.285196 0.00203864
0.0468306 0.285375 0.00202712
0.0470586 0.284511 0.00200499
0.0472866 0.281866 0.00200877
0.0475146 0.281784 0.00201626
0.0477426 0.279915 0.00198314
0.0479706 0.279873 0.00199109
0.0481986 0.277691 0.00197326
0.0484266 0.271641 0.00199518
0.0486546 0.269078 0.00195846
0.0488826 0.270593 0.00193174
0.0491106 0.267914 0.00196823
0.0493386 0.265178 0.00193379
0.0495665 0.259806 0.00194367
0.0497945 0.259446 0.00191991
0.0500225 0.26034 0.00191128
0.0502505 0.25575 0.00191891
0.0504785 0.25253 0.00189881
0.0507065 0.254066 0.00191111
0.0509345 0.251302 0.00189165
0.0511625 0.252702 0.00190184
0.0513905 0.248642 0.00191092
0.0516185 0.249924 0.00184686
0.0518465 0.248345 0.00187019
0.0520745 0.245251 0.00185881
0.0523025 0.24258 0.00185615
0.0525305 0.239338 0.00185264
0.0527585 0.242166 0.00183891
0.0529865 0.241331 0.00184951
0.0532145 0.235231 0.00182976
0.0534425 0.236834 0.0018238
0.0536705 0.233204 0.00182142
0.0538985 0.229806 0.0018123
0.0541265 0.227175 0.0018274
0.0543545 0.223532 0.00178244
0.0545825 0.226199 0.00178716
0.0548105 0.225769 0.00178986
0.0550385 0.225095 0.00179368
0.0552664 0.223045 0.00179965
0.0554944 0.221245 0.00175677
0.0557224 0.218816 0.00174879
0.0559504 0.219688 0.00176395
0.0561784 0.21574 0.00176975
0.0564064 0.21161 0.00174928
0.0566344 0.212968 0.00174993
0.0568624 0.209735 0.00175242
0.0570904 0.209539 0.00173539
0.0573184 0.208704 0.00172681
0.0575464 0.20781 0.00171817
0.0577744 0.209056 0.00173256
0.0580024 0.205856 0.001729
0.0582304 0.204253 0.00171277
0.0584584 0.205295 0.0016989
0.0586864 0.204544 0.00168621
0.0589144 0.203126 0.00171251
0.0591424 0.20078 0.00169766
0.0593704 0.19912 0.00167645
0.0595984 0.196222 0.0016908
0.0598264 0.192524 0.00167525
0.0600544 0.192614 0.00167736
0.0602824 0.192719 0.0016618
0.0605104 0.190209 0.00166309
0.0607384 0.190655 0.00167398
0.0609664 0.189565 0.00165285
0.0611943 0.185486 0.00165166
0.0614223 0.184186 0.00164166
0.0616503 0.188985 0.0016384
0.0618783 0.188732 0.00165004
0.0621063 0.185206 0.00163564
0.0623343 0.184303 0.00163436
0.0625623 0.183139 0.00162704
0.0627903 0.183394 0.00161777
0.0630183 0.18053 0.00161555
0.0632463 0.181853 0.00160078
0.0634743 0.179526 0.00161419
0.0637023 0.173684 0.00160389
0.0639303 0.173719 0.00160953
0.0641583 0.17153 0.00159395
0.0643863 0.17324 0.00159208
0.0646143 0.170469 0.00160327
0.0648423 0.171127 0.00158595
0.0650703 0.170412 0.00157854
0.0652983 0.167586 0.00157018
0.0655263 0.167584 0.00157862
0.0657543 0.167848 0.00156746
0.0659823 0.165304 0.00156585
0.0662103 0.162972 0.00156736
0.0664383 0.164798 0.0015619
0.0666663 0.163204 0.00156419
0.0668942 0.162637 0.00154401
0.0671222 0.162099 0.0015416
0.0673502 0.161464 0.00154729
0.0675782 0.159659 0.00154374
0.0678062 0.158459 0.00154761
0.0680342 0.15468 0.00151947
0.0682622 0.156028 0.00153315
0.0684902 0.155029 0.00152419
0.0687182 0.153099 0.00151974
0.0689462 0.153079 0.00151221
0.0691742 0.152615 0.00151691
0.0694022 0.151775 0.00152505
0.0696302 0.150624 0.0015165
0.0698582 0.149169 0.0015075
0.0700862 0.14825 0.00149052
0.0703142 0.147718 0.00149341
0.0705422 0.147168 0.00150449
0.0707702 0.150397 0.00149212
0.0709982 0.150109 0.00148505
0.0712262 0.148468 0.00148153
0.0714542 0.147654 0.00148518
0.0716822 0.144636 0.00148222
0.0719102 0.143783 0.00146584
0.0721382 0.142724 0.00147341
0.0723662 0.140451 0.00146235
0.0725942 0.14086 0.0014668
0.0728221 0.13941 0.00146455
0.0730501 0.13632 0.0014479
0.0732781 0.135252 0.0014686
0.0735061 0.137615 0.00145462
0.0737341 0.13928 0.00145379
0.0739621 0.139621 0.00144597
0.0741901 0.135923 0.00143257
0.0744181 0.132414 0.001451
0.0746461 0.13177 0.00143474
0.0748741 0.131214 0.00142925
0.0751021 0.131263 0.00143851
0.0753301 0.130471 0.00142355
0.0755581 0.128895 0.00143652
0.0757861 0.130387 0.00141354
0.0760141 0.129965 0.00142058
0.0762421 0.130696 0.00142335
0.0764701 0.130064 0.00141019
0.0766981 0.129167 0.00141124
0.0769261 0.12836 0.0013975
0.0771541 0.128371 0.00141387
0.0773821 0.128826 0.00140724
0.0776101 0.128337 0.0014015
0.0778381 0.124654 0.00139595
0.0780661 0.124204 0.00138775
0.0782941 0.125388 0.001398
0.078522 0.124896 0.00139549
0.07875 0.124268 0.00137535
0.078978 0.120914 0.00138069
0.079206 0.121335 0.00139044
0.079434 0.121153 0.001382
0.079662 0.118398 0.00135601
0.07989 0.118667 0.00136705
0.080118 0.118358 0.00137675
0.080346 0.116423 0.00137526
0.080574 0.119049 0.00136785
0.080802 0.116594 0.00136045
0.08103 0.11451 0.00135796
0.081258 0.115 0.0013573
0.081486 0.112878 0.00135465
0.081714 0.111576 0.00134808
0.081942 0.114238 0.00135074
0.08217 0.116026 0.00135294
0.082398 0.115324 0.00133289
0.082626 0.115231 0.00133906
0.082854 0.113043 0.00134205
0.083082 0.11203 0.00134862
0.08331 0.109976 0.00134195
0.083538 0.108936 0.00131531
0.083766 0.110278 0.0013255
0.083994 0.111068 0.00132696
0.084222 0.110331 0.00133101
0.0844499 0.109619 0.00131709
0.0846779 0.108588 0.00131409
0.0849059 0.107731 0.00132741
0.0851339 0.107903 0.0013067
0.0853619 0.106444 0.00130974
0.0855899 0.105317 0.00130789
0.0858179 0.106222 0.00130942
0.0860459 0.10626 0.00131439
0.0862739 0.10601 0.00130029
0.0865019 0.104477 0.00129666
0.0867299 0.10525 0.00129451
0.0869579 0.103786 0.00130313
0.0871859 0.104536 0.00129959
0.0874139 0.105749 0.00127846
0.0876419 0.103324 0.00128045
0.0878699 0.103966 0.00129057
0.0880979 0.102284 0.00128761
0.0883259 0.100986 0.00127635
0.0885539 0.099692 0.0012831
0.0887819 0.100207 0.00127701
0.0890099 0.0995024 0.00127641
0.0892379 0.100226 0.00127719
0.0894659 0.102355 0.00126039
0.0896939 0.101769 0.00127158
0.0899219 0.0977724 0.00127769
0.0901498 0.0985234 0.00126361
0.0903778 0.0993457 0.00126559
0.0906058 0.0992632 0.00125719
0.0908338 0.0964345 0.00125582
0.0910618 0.0925986 0.0012505
0.0912898 0.0942888 0.00124644
0.0915178 0.0954416 0.00125788
0.0917458 0.0943993 0.00124616
0.0919738 0.0960974 0.00125599
0.0922018 0.0960889 0.00123886
0.0924298 0.0925789 0.00124494
0.0926578 0.0919662 0.00124936
0.0928858 0.0916914 0.00123443
0.0931138 0.09172 0.00123682
0.0933418 0.0930528 0.00123139
0.0935698 0.0914961 0.00124008
0.0937978 0.09287 0.00123793
0.0940258 0.0930594 0.00122079
0.0942538 0.091473 0.00122949
0.0944818 0.0888648 0.00122088
0.0947098 0.0874512 0.00123508
0.0949378 0.0903593 0.00122352
0.0951658 0.0912883 0.00121746
0.0953938 0.0904226 0.00121834
0.0956218 0.0886439 0.00121167
0.0958498 0.0862849 0.00121747
0.0960777 0.0870591 0.00121238
0.0963057 0.0867281 0.00121004
0.0965337 0.0858306 0.00121528
0.0967617 0.0856709 0.00119794
0.0969897 0.0848014 0.00120473
0.0972177 0.0863619 0.00120061
0.0974457 0.0875724 0.0012034
0.0976737 0.0865509 0.00121087
0.0979017 0.0862296 0.00118839
0.0981297 0.0879015 0.00119044
0.0983577 0.0876104 0.00119247
0.0985857 0.0842159 0.00119837
0.0988137 0.0827096 0.00119704
0.0990417 0.083043 0.00117993
0.0992697 0.0835511 0.00119437
0.0994977 0.085203 0.00118535
0.0997257 0.0839699 0.00118384
0.0999537 0.0829809 0.000679269
0.100182 0.0831085 0.00067007
0.10041 0.0829914 0.000674695
0.100638 0.0818801 0.000670429
0.100866 0.0803084 0.000666722
0.101094 0.0799874 0.000668268
0.101322 0.0797718 0.000666199
0.10155 0.0799644 0.000666397
0.101778 0.0795263 0.00066458
0.102006 0.0799627 0.00066161
0.102234 0.0796812 0.000660501
0.102462 0.0790119 0.000662266
0.10269 0.0785803 0.000660449
0.102918 0.0783554 0.000662702
0.103146 0.0773729 0.000658973
0.103374 0.0768835 0.000661239
0.103602 0.0776675 0.000656809
0.10383 0.0777039 0.000650244
0.104058 0.0768986 0.000658341
0.104286 0.0768806 0.000651967
0.104514 0.0767982 0.000656365
0.104742 0.0760986 0.000651966
0.10497 0.0761908 0.000647535
0.105198 0.076247 0.00065229
0.105426 0.0758314 0.000649949
0.105654 0.0748237 0.000649982
0.105882 0.0745858 0.000651459
0.10611 0.0743365 0.000646916
0.106338 0.0746906 0.000646956
0.106566 0.0758198 0.000641817
0.106794 0.0741373 0.000642261
0.107022 0.0739461 0.000648811
0.10725 0.0743925 0.000644964
0.107478 0.0726126 0.000645118
0.107706 0.0719174 0.000631455
0.107934 0.0723343 0.000639861
0.108162 0.0728624 0.00064115
0.10839 0.0725081 0.000640314
0.108618 0.0720951 0.000641045
0.108846 0.0713029 0.000634798
0.109074 0.0715143 0.000636856
0.109302 0.0716694 0.000634379
0.10953 0.0704719 0.000631264
0.109758 0.0691313 0.000635889
0.109986 0.0693999 0.00063211
0.110214 0.0706505 0.000637103
0.110441 0.0704479 0.000625451
0.110669 0.0701725 0.000629724
0.110897 0.0694921 0.000632584
0.111125 0.0690073 0.000629438
0.111353 0.0688929 0.000631658
0.111581 0.0686984 0.000622903
0.111809 0.0678246 0.000626226
0.112037 0.0682366 0.000626946
0.112265 0.0688104 0.00062718
0.112493 0.0689025 0.000623188
0.112721 0.0681613 0.000621979
0.112949 0.0685405 0.0006243
0.113177 0.0686544 0.000622031
0.113405 0.0674409 0.00061736
0.113633 0.065797 0.000616474
0.113861 0.0653258 0.00061989
0.114089 0.0658029 0.000625109
0.114317 0.0664049 0.000617074
0.114545 0.0665122 0.000617843
0.114773 0.0667123 0.000613843
0.115001 0.0657257 0.0006185
0.115229 0.0654752 0.000618681
0.115457 0.0652496 0.000613828
0.115685 0.0648528 0.000615546
0.115913 0.0646514 0.000614694
0.116141 0.0643169 0.000612759
0.116369 0.0646031 0.000609554
0.116597 0.0648609 0.000606574
0.116825 0.06469 0.000612119
0.117053 0.0642598 0.000611039
0.117281 0.0633507 0.000609302
0.117509 0.0618195 0.000605946
0.117737 0.0615385 0.000606475
0.117965 0.0624357 0.000613191
0.118193 0.062969 0.000604208
0.118421 0.0635432 0.000604808
0.118649 0.06338 0.000604111
0.118877 0.0627731 0.000604076
0.119105 0.063088 0.000605727
0.119333 0.0631679 0.000599597
0.119561 0.0623106 0.000604169
0.119789 0.0611521 0.000599736
0.120017 0.0605928 0.000603575
0.120245 0.0607866 0.000596409
0.120473 0.0609623 0.000595484
0.120701 0.0607658 0.000602171
0.120929 0.0605472 0.000597272
0.121157 0.0600166 0.000596315
0.121385 0.060586 0.00059776
0.121613 0.0606439 0.000599247
0.121841 0.0608074 0.00063165
0.122069 0.0603318 0.000557689
0.122297 0.0592304 0.000560889
0.122525 0.058163 0.000561165
0.122753 0.0578304 0.000560525
0.122981 0.0571615 0.000559444
0.123209 0.0578114 0.000553854
0.123437 0.0588957 0.000556978
0.123665 0.0594387 0.000559434
0.123893 0.0578754 0.000556805
0.124121 0.0571637 0.000552891
0.124349 0.0578499 0.000553799
0.124577 0.0578935 0.000555243
0.124805 0.0577983 0.000556614
0.125033 0.0569681 0.00055084
0.125261 0.0563748 0.000551561
0.125489 0.0571998 0.000553482
0.125717 0.0565483 0.000553526
0.125945 0.0562089 0.00054512
0.126173 0.0560532 0.000548061
0.126401 0.0569155 0.000550452
0.126629 0.0572994 0.000551086
0.126857 0.056645 0.000546901
0.127085 0.0565285 0.00054956
0.127313 0.0564599 0.000546962
0.127541 0.0558241 0.000545612
0.127769 0.055283 0.000548499
0.127997 0.055602 0.000541128
0.128225 0.0553843 0.000545349
0.128453 0.0560126 0.000546629
0.128681 0.0552956 0.00054417
0.128909 0.0543279 0.000542159
0.129137 0.0542455 0.000538946
0.129365 0.0547849 0.00054574
0.129593 0.0542767 0.000542394
0.129821 0.0536061 0.000536167
0.130049 0.0534888 0.000543069
0.130277 0.0533171 0.000536433
0.130505 0.0536899 0.00054095
0.130733 0.0542509 0.00053892
0.130961 0.0542449 0.000538012
0.131189 0.0530501 0.00054191
0.131417 0.0533775 0.000535384
0.131645 0.0532863 0.000536623
0.131873 0.0522404 0.000530857
0.132101 0.0524502 0.000535726
0.132329 0.0526526 0.000538176
0.132557 0.0523513 0.000533294
0.132785 0.0525357 0.000533879
0.133013 0.0515521 0.000530637
0.133241 0.0511514 0.000532102
0.133469 0.0518421 0.000533309
0.133697 0.0520251 0.00052932
0.133925 0.0515024 0.000532964
0.134153 0.0512555 0.000530101
0.134381 0.0511225 0.000530911
0.134609 0.0506612 0.000527186
0.134837 0.0498279 0.000527769
0.135065 0.0509477 0.000530384
0.135293 0.0515014 0.000525951
0.135521 0.0514558 0.00052986
0.135749 0.0508236 0.000523824
0.135977 0.0505632 0.00052751
0.136205 0.0499713 0.000527829
0.136433 0.0492474 0.000524589
0.136661 0.0500628 0.000524045
0.136889 0.049934 0.00052293
0.137117 0.0493789 0.000523827
0.137345 0.049145 0.00052326
0.137573 0.0491049 0.000520958
0.137801 0.0485421 0.000523658
0.138029 0.0482934 0.00052105
0.138257 0.0481427 0.000521844
0.138485 0.0487239 0.000519396
0.138713 0.0487369 0.000519528
0.138941 0.0485478 0.000520371
0.139169 0.0483076 0.000517679
0.139397 0.0484289 0.00051987
0.139625 0.0481564 0.000516731
0.139853 0.0483399 0.000520953
0.140081 0.0485754 0.000519098
0.140309 0.0484738 0.000518676
0.140537 0.0477868 0.00051424
0.140765 0.0478839 0.000515316
0.140993 0.0478235 0.000519341
0.141221 0.048163 0.000516509
0.141449 0.0479328 0.00051067
0.141677 0.0482159 0.000515696
0.141905 0.0483055 0.000512845
0.142133 0.047352 0.000515901
0.142361 0.0462719 0.000512028
0.142589 0.0457518 0.000510986
0.142817 0.0463879 0.000511396
0.143045 0.0466735 0.000512625
0.143273 0.0458955 0.000512816
0.143501 0.046056 0.000508057
0.143729 0.0462526 0.000510821
0.143957 0.0463709 0.000509354
0.144185 0.0467988 0.000511671
0.144413 0.0464856 0.000508708
0.144641 0.0460306 0.000505985
0.144869 0.045818 0.000509897
0.145097 0.0452468 0.000508763
0.145325 0.0454317 0.000506014
0.145553 0.0450319 0.000505755
0.145781 0.0454473 0.000505572
0.146009 0.0456145 0.000507241
0.146237 0.045097 0.000501524
0.146465 0.0445682 0.000505711
0.146693 0.0445945 0.000505972
0.146921 0.0451569 0.000502955
0.147149 0.0456461 0.000504044
0.147377 0.0451695 0.000500983
0.147605 0.0440407 0.000505094
0.147833 0.0450471 0.000504416
0.148061 0.0450161 0.000505904
0.148289 0.0439958 0.000499326
0.148517 0.0430439 0.00049688
0.148745 0.0430842 0.000502064
0.148973 0.0430299 0.000499284
0.149201 0.0430536 0.000500865
0.149429 0.043638 0.000500108
0.149657 0.0437604 0.00050183
0.149885 0.0440055 0.000497779
0.150113 0.0434385 0.00049494
0.150341 0.0438701 0.000499382
0.150569 0.0440823 0.00049788
0.150797 0.0438002 0.000500968
0.151025 0.0431532 0.000497494
0.151253 0.0428992 0.000491704
0.151481 0.0415828 0.000497436
0.151709 0.0416627 0.000495741
0.151937 0.0417517 0.000494741
0.152165 0.0425369 0.000493171
0.152393 0.0422935 0.000493099
0.152621 0.0414204 0.000496742
0.152849 0.0411356 0.000492204
0.153077 0.0423819 0.000492279
0.153305 0.0424155 0.00049328
0.153533 0.0416584 0.000492806
0.153761 0.0419612 0.00049656
0.153989 0.0415491 0.000488098
0.154217 0.0412034 0.000490149
0.154445 0.0420611 0.000491132
0.154673 0.0419164 0.00049279
0.154901 0.0417739 0.000492216
0.155129 0.041317 0.000487559
0.155357 0.0410782 0.000490877
0.155585 0.0407225 0.000487872
0.155813 0.0399415 0.000488346
0.156041 0.0404011 0.000487334
0.156269 0.0403964 0.000488576
0.156497 0.0404125 0.000491576
0.156725 0.0407046 0.000487968
0.156953 0.0405051 0.000483835
0.157181 0.0405478 0.000486082
0.157409 0.0393027 0.000485576
0.157637 0.0400181 0.000488254
0.157865 0.0402345 0.000483631
0.158093 0.0404541 0.000486465
0.158321 0.0396958 0.000482039
0.158549 0.0389557 0.000484951
0.158777 0.0387741 0.000484495
0.159005 0.0396449 0.000484869
0.159233 0.0387381 0.000483311
0.159461 0.0389827 0.000483919
0.159689 0.03941 0.00048244
0.159917 0.0399443 0.000480431
0.160145 0.0405047 0.000485068
0.160373 0.0403717 0.000483355
0.160601 0.0392305 0.000481159
0.160829 0.0394616 0.000480056
0.161057 0.0392974 0.000478737
0.161285 0.0384644 0.000482765
0.161513 0.0382215 0.000479374
0.161741 0.0385154 0.000478394
0.161969 0.0399361 0.000481059
0.162197 0.0381276 0.000479345
0.162425 0.038627 0.000480229
0.162653 0.0382495 0.000474521
0.162881 0.0373991 0.000475739
0.163109 0.0376862 0.000480574
0.163337 0.0385794 0.000477081
0.163565 0.03862 0.00047961
0.163793 0.0381644 0.000473336
0.164021 0.0368996 0.00047686
0.164249 0.0374666 0.000478633
0.164477 0.0379766 0.000475029
0.164705 0.038246 0.000477274
0.164933 0.0383684 0.000472294
0.165161 0.0382349 0.00047617
0.165389 0.0376641 0.000474839
0.165617 0.0381676 0.000471174
0.165845 0.0380197 0.000475915
0.166073 0.0371759 0.000473169
0.166301 0.0368004 0.000474811
0.166529 0.0370605 0.000472745
0.166757 0.0373742 0.000470861
0.166985 0.0373549 0.000475124
0.167213 0.0375021 0.000470763
0.167441 0.0371616 0.000471793
0.167669 0.0367553 0.00046982
0.167897 0.0367751 0.000472756
0.168125 0.0359368 0.000471774
0.168353 0.0360678 0.000468636
0.16858 0.0359872 0.000469331
0.168808 0.0356115 0.000468563
0.169036 0.035953 0.000470317
0.169264 0.0367297 0.00047129
0.169492 0.0365859 0.000467089
0.16972 0.0368029 0.000468005
0.169948 0.0365545 0.000468415
0.170176 0.0366301 0.00047129
0.170404 0.0356807 0.000466046
0.170632 0.0360779 0.000467956
0.17086 0.0357703 0.000468639
0.171088 0.0358212 0.000466444
0.171316 0.0351876 0.000465491
0.171544 0.0364138 0.000464253
0.171772 0.0357148 0.000466824
0.172 0.0352761 0.000467286
0.172228 0.0346554 0.000463937
0.172456 0.0350305 0.0004634
0.172684 0.034901 0.000463462
0.172912 0.0352672 0.000466105
0.17314 0.0347199 0.000463994
0.173368 0.034426 0.00046502
0.173596 0.0351014 0.000462829
0.173824 0.0347105 0.000461237
0.174052 0.0352831 0.000464175
0.17428 0.0344919 0.000460496
0.174508 0.034773 0.000465096
0.174736 0.0342559 0.000461886
0.174964 0.0341269 0.000462376
0.175192 0.0342641 0.000461027
0.17542 0.0340369 0.000458725
0.175648 0.0343146 0.000463753
0.175876 0.0348016 0.000460359
0.176104 0.0350113 0.000461105
0.176332 0.0346989 0.00046144
0.17656 0.0343845 0.00045793
0.176788 0.033955 0.000462779
0.177016 0.0330866 0.000457802
0.177244 0.0331209 0.000456924
0.177472 0.0327991 0.000461636
0.1777 0.0334689 0.000457408
0.177928 0.0336524 0.000459318
0.178156 0.0339568 0.000454115
0.178384 0.033657 0.000458858
0.178612 0.0331764 0.000460036
0.17884 0.03316 0.000457034
0.179068 0.033511 0.000458361
0.179296 0.0328141 0.000452196
0.179524 0.0329759 0.000457414
0.179752 0.0328543 0.000456256
0.17998 0.0330115 0.00045444
0.180208 0.032759 0.000458113
0.180436 0.0333104 0.000454804
0.180664 0.0327952 0.000455764
0.180892 0.0322714 0.000455381
0.18112 0.0321953 0.000452496
0.181348 0.0321409 0.000454601
0.181576 0.0323296 0.000455819
0.181804 0.0334836 0.000456105
0.182032 0.0337334 0.000451196
0.18226 0.0335174 0.000451831
0.182488 0.0329414 0.000454166
0.182716 0.0323196 0.000454681
0.182944 0.0320929 0.000452834
0.183172 0.0318834 0.000452178
0.1834 0.0313999 0.000452466
0.183628 0.0317294 0.000449819
0.183856 0.0318021 0.000452399
0.184084 0.0318252 0.000452906
0.184312 0.0316675 0.000452544
0.18454 0.0314924 0.000452071
0.184768 0.0319279 0.000450259
0.184996 0.0317861 0.000447939
0.185224 0.0313255 0.00044875
0.185452 0.0313486 0.000453719
0.18568 0.031232 0.000451861
0.185908 0.0306048 0.000446584
0.186136 0.0306589 0.000449319
0.186364 0.0301387 0.00044774
0.186592 0.030044 0.000449711
0.18682 0.0306967 0.000448149
0.187048 0.0308654 0.000445653
0.187276 0.0307059 0.00044996
0.187504 0.0311139 0.000446946
0.187732 0.0313224 0.000446405
0.18796 0.0315905 0.000447747
0.188188 0.0309943 0.000448608
0.188416 0.0315667 0.000450043
0.188644 0.0311625 0.000445941
0.188872 0.0310729 0.000447729
0.1891 0.0312095 0.000446043
0.189328 0.0309781 0.00044569
0.189556 0.0303176 0.000449094
0.189784 0.0300854 0.000441496
0.190012 0.029634 0.000446457
0.19024 0.029704 0.000445142
0.190468 0.0299475 0.000446416
0.190696 0.0294907 0.000442176
0.190924 0.0295221 0.000441975
0.191152 0.0298939 0.000445946
0.19138 0.0301201 0.000444247
0.191608 0.030361 0.000445245
0.191836 0.0299746 0.000442366
0.192064 0.0301882 0.000442597
0.192292 0.0297227 0.00044633
0.19252 0.0299714 0.000442156
0.192748 0.0298097 0.000441614
0.192976 0.0295912 0.000441991
0.193204 0.0295643 0.000443375
0.193432 0.0295885 0.000443519
0.19366 0.0301309 0.000439505
0.193888 0.0301459 0.00044122
0.194116 0.0293904 0.000442279
0.194344 0.0291563 0.000442226
0.194572 0.0289279 0.000439367
0.1948 0.0287955 0.000440365
0.195028 0.0291076 0.00044274
0.195256 0.0292336 0.000439353
0.195484 0.0290585 0.000439457
0.195712 0.029393 0.000439195
0.19594 0.0294795 0.000441855
0.196168 0.0290596 0.000442173
0.196396 0.0287901 0.00043774
0.196624 0.0286272 0.000438254
0.196852 0.0286359 0.00043673
0.19708 0.0288445 0.000440045
0.197308 0.0288773 0.000441096
0.197536 0.0288277 0.000435773
0.197764 0.0283519 0.000438039
0.197992 0.027735 0.00043776
0.19822 0.0279642 0.000438319
0.198448 0.0285539 0.000435514
0.198676 0.027938 0.000436899
0.198904 0.0280234 0.000439539
0.199132 0.028063 0.000436585
0.19936 0.0285191 0.000436282
0.199588 0.0285269 0.000435129
0.199816 0.0283928 0.000436535
0.200044 0.0285531 0.000436591
0.200272 0.0282253 0.000434875
0.2005 0.0272831 0.000436745
0.200728 0.0279252 0.000432564
0.200956 0.0283559 0.000436114
0.201184 0.0280898 0.000435832
0.201412 0.0275471 0.000433273
0.20164 0.0274424 0.000436916
0.201868 0.027665 0.000432154
0.202096 0.0280185 0.000434904
0.202324 0.0278706 0.000432576
0.202552 0.0272439 0.000433197
0.20278 0.0270197 0.00043732
0.203008 0.0271969 0.000431381
0.203236 0.0275299 0.000433314
0.203464 0.0273721 0.00043134
0.203692 0.0272071 0.000432182
0.20392 0.0271684 0.000433703
0.204148 0.0270855 0.000429781
0.204376 0.0275132 0.000433356
0.204604 0.0270236 0.00043234
0.204832 0.0263554 0.000432144
0.20506 0.0273003 0.000431039
0.205288 0.0278381 0.000431094
0.205516 0.0268794 0.000433319
0.205744 0.0268593 0.000430811
0.205972 0.026604 0.000430985
0.2062 0.0258738 0.000428319
0.206428 0.0264354 0.000429205
0.206656 0.0266168 0.000430453
0.206884 0.0268031 0.000431704
0.207112 0.0266101 0.000428975
0.20734 0.0272134 0.000427626
0.207568 0.0273494 0.000430612
0.207796 0.027123 0.000429249
0.208024 0.0264879 0.000428906
0.208252 0.0259746 0.000429558
0.20848 0.0259993 0.00042775
0.208708 0.0264277 0.000429723
0.208936 0.026768 0.000426379
0.209164 0.0274145 0.000427899
0.209392 0.026867 0.000428952
0.20962 0.0259684 0.000428877
0.209848 0.0262719 0.000429525
0.210076 0.0259878 0.000424887
0.210304 0.0257079 0.000427291
0.210532 0.0255724 0.000426961
0.21076 0.0257249 0.000426338
0.210988 0.0256128 0.000427107
0.211216 0.0250271 0.000425727
0.211444 0.0250544 0.000427194
0.211672 0.0257839 0.000425602
0.2119 0.0262194 0.000424422
0.212128 0.0259334 0.000427566
0.212356 0.0261444 0.000423427
0.212584 0.0256077 0.000428261
0.212812 0.0253148 0.000423967
0.21304 0.0252645 0.000422816
0.213268 0.0252985 0.000423489
0.213496 0.0252716 0.00042509
0.213724 0.0257502 0.000426167
0.213952 0.0260466 0.000423426
0.21418 0.0257689 0.000425794
0.214408 0.0259687 0.000424654
0.214636 0.0259566 0.000424467
0.214864 0.0262166 0.000422376
0.215092 0.0267434 0.000422556
0.21532 0.0261872 0.000424695
0.215548 0.0260939 0.000422974
0.215776 0.0250394 0.000421847
0.216004 0.0249287 0.00042327
0.216232 0.0259934 0.000424239
0.21646 0.0260618 0.000424034
0.216688 0.0245338 0.000421056
0.216916 0.0246521 0.000422469
0.217144 0.0243641 0.000421213
0.217372 0.0244166 0.000423184
0.2176 0.02479 0.000423001
0.217828 0.0248085 0.000418249
0.218056 0.0245746 0.000422458
0.218284 0.0252194 0.000421512
0.218512 0.0254373 0.000421345
0.21874 0.0246475 0.000419274
0.218968 0.0241943 0.000419336
0.219196 0.024469 0.000421918
0.219424 0.024747 0.00042062
0.219652 0.0244036 0.000419584
0.21988 0.0242915 0.000419241
0.220108 0.0248446 0.000420105
0.220336 0.0245022 0.000421835
0.220564 0.0239286 0.000417738
0.220792 0.0238002 0.000418745
0.22102 0.0245624 0.00041983
0.221248 0.0239474 0.000419804
0.221476 0.0247694 0.000420011
0.221704 0.024245 0.000415865
0.221932 0.0236253 0.000420609
0.22216 0.0233504 0.000419165
0.222388 0.0231425 0.000418244
0.222616 0.0237447 0.000416409
0.222844 0.0242516 0.000415885
0.223072 0.0241926 0.000420817
0.2233 0.0238186 0.000417789
0.223528 0.0244919 0.000416694
0.223756 0.024253 0.00041722
0.223984 0.0236552 0.000416554
0.224212 0.023971 0.000420336
0.22444 0.0237338 0.000413923
0.224668 0.0228579 0.000416036
0.224896 0.0228577 0.000416721
0.225124 0.0231792 0.00041689
0.225352 0.0228474 0.000419023
0.22558 0.0234535 0.000412417
0.225808 0.0233225 0.000415612
0.226036 0.0237352 0.000417144
0.226264 0.0237954 0.000416346
0.226492 0.0234465 0.000416181
0.226719 0.0231714 0.000413254
0.226947 0.0232544 0.000416721
0.227175 0.0232194 0.000415164
0.227403 0.0232584 0.000415036
0.227631 0.0229944 0.00041367
0.227859 0.0230276 0.000413662
0.228087 0.023428 0.00041661
0.228315 0.0232384 0.000412395
0.228543 0.023693 0.000413614
0.228771 0.0234087 0.000413416
0.228999 0.0232457 0.000414649
0.229227 0.0229041 0.000413516
0.229455 0.022569 0.000413154
0.229683 0.0230096 0.00041398
0.229911 0.0229895 0.000412537
0.230139 0.0233402 0.000414379
0.230367 0.0233851 0.000410499
0.230595 0.0238397 0.000415559
0.230823 0.0231106 0.000414011
0.231051 0.0226536 0.000412689
0.231279 0.0227745 0.00041116
0.231507 0.0224926 0.000409851
0.231735 0.0224471 0.000414331
0.231963 0.0224414 0.000412898
0.232191 0.0218241 0.000409726
0.232419 0.0218227 0.000412111
0.232647 0.0220145 0.00041046
0.232875 0.0222119 0.000415234
0.233103 0.0217059 0.000409715
0.233331 0.0221374 0.000410114
0.233559 0.0226912 0.000412573
0.233787 0.0226539 0.00040982
0.234015 0.0219821 0.000414088
0.234243 0.0219596 0.000407543
0.234471 0.0225051 0.000410936
0.234699 0.0222279 0.00041511
0.234927 0.0217259 0.000410618
0.235155 0.0218996 0.000411666
0.235383 0.0221024 0.000410424
0.235611 0.0217494 0.000413116
0.235839 0.0213791 0.000413856
0.236067 0.0214186 0.000409999
0.236295 0.0219601 0.000415116
0.236523 0.0213827 0.000412126
0.236751 0.0217122 0.000415291
0.236979 0.0216206 0.000412675
0.237207 0.0223586 0.000411539
0.237435 0.0223706 0.000415662
0.237663 0.022092 0.000412829
0.237891 0.0219961 0.000414698
0.238119 0.022577 0.000413184
0.238347 0.0220147 0.000413729
0.238575 0.0215987 0.000415671
0.238803 0.0210852 0.000413548
0.239031 0.0207127 0.000414209
0.239259 0.0212229 0.000413279
0.239487 0.0218161 0.000416772
0.239715 0.0215826 0.000416316
0.239943 0.021427 0.000413002
0.240171 0.0216418 0.000415942
0.240399 0.0221187 0.000413218
0.240627 0.0215569 0.000415679
0.240855 0.0203704 0.000412186
0.241083 0.0205079 0.000412953
0.241311 0.020828 0.000415228
0.241539 0.0212956 0.000413897
0.241767 0.0212391 0.000414421
0.241995 0.0212221 0.000411888
0.242223 0.0213609 0.000413874
0.242451 0.0224736 0.000414225
0.242679 0.0219862 0.000414434
0.242907 0.0203506 0.00041259
0.243135 0.0197731 0.000410439
0.243363 0.0199384 0.000414066
0.243591 0.0207006 0.000413451
0.243819 0.0215529 0.000411181
0.244047 0.021747 0.000414305
0.244275 0.0214212 0.000411785
0.244503 0.02102 0.000412321
0.244731 0.0213146 0.00040988
0.244959 0.0209601 0.000411018
0.245187 0.0202002 0.000413473
0.245415 0.0198373 0.000410602
0.245643 0.0197124 0.000411826
0.245871 0.0205604 0.000408818
0.246099 0.0212798 0.000413407
0.246327 0.0204285 0.000412027
0.246555 0.0205402 0.0004118
0.246783 0.0197414 0.000410081
0.247011 0.0206629 0.000407737
0.247239 0.0216104 0.00041167
0.247467 0.0210448 0.000410879
0.247695 0.0208444 0.000409705
0.247923 0.0207733 0.000411707
0.248151 0.0202989 0.000406744
0.248379 0.019894 0.00041091
0.248607 0.0193754 0.00040724
0.248835 0.0196959 0.000408605
0.249063 0.019575 0.000411788
0.249291 0.020172 0.000409197
0.249519 0.0205598 0.000409271
0.249747 0.0200309 0.000406236
0.249975 0.0201611 0.000408889
0.250203 0.020531 0.000410376
0.250431 0.0206871 0.000409641
0.250659 0.0203955 0.000406845
0.250887 0.0202721 0.000406956
0.251115 0.0195045 0.000409336
0.251343 0.0192882 0.000409117
0.251571 0.019469 0.000407009
0.251799 0.0193497 0.000406231
0.252027 0.0196962 0.000408266
0.252255 0.0202463 0.000408023
0.252483 0.0201145 0.000404769
0.252711 0.0195369 0.000407145
0.252939 0.0195385 0.000406259
0.253167 0.0197753 0.000409189
0.253395 0.0193991 0.000407495
0.253623 0.0196531 0.000406059
0.253851 0.019502 0.000406338
0.254079 0.0190594 0.000404106
0.254307 0.0195849 0.000407224
0.254535 0.0194868 0.000404681
0.254763 0.0196259 0.000406236
0.254991 0.0197081 0.00040805
0.255219 0.019923 0.000403798
0.255447 0.0196862 0.000405061
0.255675 0.0190591 0.000403565
0.255903 0.0188676 0.000404177
0.256131 0.0192212 0.000406955
0.256359 0.0194606 0.000401068
0.256587 0.020126 0.000404585
0.256815 0.0198439 0.000403061
0.257043 0.0198755 0.000403763
0.257271 0.0195239 0.000405378
0.257499 0.0194938 0.000399934
0.257727 0.0189856 0.000405099
0.257955 0.0199271 0.000399799
0.258183 0.0198294 0.000401121
0.258411 0.019874 0.000401017
0.258639 0.0192804 0.000399261
0.258867 0.0181401 0.000401329
0.259095 0.0185075 0.00039593
0.259323 0.0185089 0.000396426
0.259551 0.0187415 0.000397198
0.259779 0.0195745 0.00039808
0.260007 0.0197126 0.000399708
0.260235 0.0197522 0.000395051
0.260463 0.0193343 0.000398594
0.260691 0.019415 0.000397891
0.260919 0.0190092 0.00039726
0.261147 0.0189849 0.000396048
0.261375 0.01939 0.000395958
0.261603 0.0188296 0.000397538
0.261831 0.0192824 0.000396909
0.262059 0.0191001 0.00039657
0.262287 0.0184396 0.000395552
0.262515 0.0179849 0.000396135
0.262743 0.0184325 0.000397209
0.262971 0.0186431 0.000395773
0.263199 0.0195656 0.000396182
0.263427 0.0193874 0.000395899
0.263655 0.0189909 0.000396746
0.263883 0.0177642 0.000396965
0.264111 0.0183035 0.000394302
0.264339 0.0187042 0.000396129
0.264567 0.0181575 0.000395118
0.264795 0.0185624 0.000395885
0.265023 0.0188619 0.000395076
0.265251 0.0191568 0.000395157
0.265479 0.0183549 0.000395711
0.265707 0.0185415 0.000395104
0.265935 0.018821 0.000395293
0.266163 0.0188306 0.000393696
0.266391 0.0180375 0.000395039
0.266619 0.0178312 0.000395558
0.266847 0.0177246 0.000393994
0.267075 0.0178295 0.000393045
0.267303 0.0185473 0.000393038
0.267531 0.0188798 0.000395629
0.267759 0.018323 0.000393538
0.267987 0.0184711 0.000393066
0.268215 0.0183073 0.000394635
0.268443 0.0182306 0.000393093
0.268671 0.0185474 0.000394789
0.268899 0.0186618 0.000393487
0.269127 0.0188015 0.000394516
0.269355 0.0185 0.000394825
0.269583 0.0185791 0.000391984
0.269811 0.018662 0.000394169
0.270039 0.0177841 0.000391274
0.270267 0.0181877 0.000393699
0.270495 0.0184874 0.000393811
0.270723 0.0179358 0.000392065
0.270951 0.0173071 0.000392351
0.271179 0.0178619 0.000391688
0.271407 0.0180326 0.000393749
0.271635 0.0179135 0.000393099
0.271863 0.0181535 0.000392265
0.272091 0.018452 0.000393163
0.272319 0.0183712 0.000390422
0.272547 0.0180454 0.000392382
0.272775 0.0173167 0.00039122
0.273003 0.0171687 0.000392841
0.273231 0.0176238 0.00039397
0.273459 0.0172218 0.000389591
0.273687 0.0172402 0.000391349
0.273915 0.017649 0.000390545
0.274143 0.0175616 0.000391676
0.274371 0.0168135 0.00039224
0.274599 0.0164085 0.000391483
0.274827 0.017508 0.000391316
0.275055 0.0179039 0.000390686
0.275283 0.0173228 0.000391768
0.275511 0.0176609 0.000390576
0.275739 0.0180426 0.00039089
0.275967 0.0178811 0.000391736
0.276195 0.0177272 0.000390047
0.276423 0.0179104 0.000391536
0.276651 0.018036 0.00038918
0.276879 0.0179305 0.000391833
0.277107 0.0181375 0.000391361
0.277335 0.0181098 0.000391101
0.277563 0.0177565 0.000390889
0.277791 0.017115 0.000388037
0.278019 0.0174551 0.000390674
0.278247 0.0176581 0.000389062
0.278475 0.0177695 0.000391399
0.278703 0.0179089 0.00039146
0.278931 0.0179256 0.000389028
0.279159 0.0181125 0.000391469
0.279387 0.0177739 0.000388984
0.279615 0.0170824 0.00038862
0.279843 0.016881 0.000391652
0.280071 0.0165663 0.000387547
0.280299 0.0165874 0.000391539
0.280527 0.0161165 0.000386377
0.280755 0.0164534 0.000387468
0.280983 0.0169156 0.00039047
0.281211 0.0168759 0.000389044
0.281439 0.0167166 0.000391906
0.281667 0.0171914 0.000386811
0.281895 0.0171356 0.000387644
0.282123 0.0169077 0.0003887
0.282351 0.0177033 0.000389358
0.282579 0.0175644 0.000391904
0.282807 0.017396 0.000387027
0.283035 0.0173368 0.000389215
0.283263 0.016755 0.000387091
0.283491 0.0174481 0.00038785
0.283719 0.0175299 0.000389975
0.283947 0.0168239 0.000387981
0.284175 0.0172354 0.000388949
0.284403 0.0166278 0.000387909
0.28463 0.0162498 0.00038622
0.284858 0.0163819 0.00038854
0.285086 0.017276 0.000388696
0.285314 0.0176408 0.000388654
0.285542 0.0173183 0.000387311
0.28577 0.0172493 0.000388366
0.285998 0.0169473 0.00038759
0.286226 0.0166622 0.000387435
0.286454 0.0167539 0.000386597
0.286682 0.0173735 0.000388298
0.28691 0.017594 0.000388439
0.287138 0.0165361 0.000386726
0.287366 0.0163586 0.00038762
0.287594 0.0165807 0.000385971
0.287822 0.0162106 0.000388797
0.28805 0.0161245 0.000388395
0.288278 0.0162789 0.000385865
0.288506 0.0166849 0.00038741
0.288734 0.0165399 0.000386157
0.288962 0.0166808 0.000387827
0.28919 0.0170443 0.000385756
0.289418 0.0165979 0.000385469
0.289646 0.0161491 0.000387346
0.289874 0.0156405 0.000385741
0.290102 0.0158089 0.000386716
0.29033 0.0158506 0.00038433
0.290558 0.0167277 0.000386469
0.290786 0.017627 0.000388683
0.291014 0.0170436 0.000386045
0.291242 0.016238 0.000385743
0.29147 0.016132 0.000385389
0.291698 0.0167595 0.000386721
0.291926 0.0170996 0.000387154
0.292154 0.0170826 0.000384083
0.292382 0.0163039 0.000386962
0.29261 0.0159555 0.00038433
0.292838 0.0166138 0.000387081
0.293066 0.0171275 0.000386105
0.293294 0.0163209 0.000383629
0.293522 0.0156855 0.000387588
0.29375 0.0156981 0.000383454
0.293978 0.0156435 0.000385435
0.294206 0.0155943 0.000384142
0.294434 0.0150971 0.000385016
0.294662 0.0152228 0.000386813
0.29489 0.0154246 0.000383145
0.295118 0.0160806 0.000385331
0.295346 0.015705 0.000384149
0.295574 0.0160936 0.000385764
0.295802 0.0162571 0.000387388
0.29603 0.0155865 0.00038204
0.296258 0.0156749 0.000385792
0.296486 0.0161481 0.00038422
0.296714 0.0158565 0.00038497
0.296942 0.0157697 0.00038497
0.29717 0.0153125 0.000383881
0.297398 0.0150691 0.000384581
0.297626 0.0154596 0.000383834
0.297854 0.0155171 0.000383106
0.298082 0.0160307 0.000383887
0.29831 0.0156864 0.000384816
0.298538 0.0154547 0.00038624
0.298766 0.0162666 0.000383182
0.298994 0.016208 0.000383666
0.299222 0.0152091 0.000383405
0.29945 0.015195 0.000384911
0.299678 0.0156447 0.000384583
0.299906 0.0156506 0.00038201
0.300134 0.016194 0.000383721
0.300362 0.0163972 0.00038248
0.30059 0.0170147 0.000385039
0.300818 0.0160369 0.000383419
0.301046 0.0155025 0.000383908
0.301274 0.0154821 0.0003856
0.301502 0.0158697 0.000382904
0.30173 0.0159204 0.000383446
0.301958 0.0147394 0.000382124
0.302186 0.014363 0.000383484
0.302414 0.0153274 0.000384541
0.302642 0.0156524 0.000381745
0.30287 0.0157743 0.000384993
0.303098 0.0152256 0.000381867
0.303326 0.0155011 0.000383755
0.303554 0.0157216 0.000384395
0.303782 0.015382 0.000380872
0.30401 0.0155024 0.000384369
0.304238 0.0154634 0.000382915
0.304466 0.0156501 0.000383661
0.304694 0.0162183 0.000381924
0.304922 0.0157829 0.0003821
0.30515 0.0152277 0.000385001
0.305378 0.0151431 0.000382246
0.305606 0.0158119 0.000382191
0.305834 0.0152414 0.000381282
0.306062 0.0151693 0.000382404
0.30629 0.0154387 0.000383977
0.306518 0.0152844 0.000382142
0.306746 0.0150964 0.000383251
0.306974 0.0159266 0.00038253
0.307202 0.0156659 0.000381514
0.30743 0.015214 0.000380481
0.307658 0.0149974 0.00038184
0.307886 0.0148562 0.000383831
0.308114 0.0150615 0.00038244
0.308342 0.0151496 0.000383241
0.30857 0.0153359 0.000380517
0.308798 0.0149006 0.000381519
0.309026 0.014506 0.000383041
0.309254 0.0143265 0.000381606
0.309482 0.014487 0.000381436
0.30971 0.0147729 0.000380064
0.309938 0.0145491 0.000382231
0.310166 0.0147195 0.000381671
0.310394 0.0147764 0.000381851
0.310622 0.0148305 0.000382169
0.31085 0.0149625 0.00037942
0.311078 0.0149426 0.000382193
0.311306 0.0146449 0.000381072
0.311534 0.0147296 0.000381979
0.311762 0.015194 0.000382299
0.31199 0.0146248 0.00037941
0.312218 0.014358 0.000382566
0.312446 0.014504 0.000381424
0.312674 0.0147796 0.000382509
0.312902 0.0146462 0.000380386
0.31313 0.0147269 0.000380527
0.313358 0.0151229 0.000382393
0.313586 0.0147967 0.000381236
0.313814 0.0149064 0.000382521
0.314042 0.01427 0.00037994
0.31427 0.0144396 0.000379781
0.314498 0.0154075 0.00038228
0.314726 0.0152624 0.0003804
0.314954 0.0149971 0.000382534
0.315182 0.0152418 0.000380596
0.31541 0.0148985 0.00038049
0.315638 0.014341 0.000381184
0.315866 0.013729 0.00038102
0.316094 0.0142451 0.000382954
0.316322 0.0148501 0.000378317
0.31655 0.0149069 0.000381681
0.316778 0.0145643 0.000381622
0.317006 0.0144739 0.000380509
0.317234 0.0147016 0.000381165
0.317462 0.0151568 0.000379653
0.31769 0.0149999 0.000381308
0.317918 0.014882 0.00038127
0.318146 0.0151136 0.000380909
0.318374 0.0148316 0.000382438
0.318602 0.015116 0.000379125
0.31883 0.0150479 0.000380913
0.319058 0.0145745 0.000379415
0.319286 0.0148145 0.000379995
0.319514 0.0144435 0.000380631
0.319742 0.0145737 0.000381414
0.31997 0.0141625 0.000382729
0.320198 0.0139083 0.000378026
0.320426 0.0140567 0.000379911
0.320654 0.0143112 0.000380994
0.320882 0.0140318 0.000381247
0.32111 0.0146065 0.000381659
0.321338 0.0140355 0.000377075
0.321566 0.0137724 0.000380569
0.321794 0.0144826 0.000380209
0.322022 0.0148779 0.000381009
0.32225 0.0150166 0.000380725
0.322478 0.0148094 0.000380566
0.322706 0.0142181 0.000379845
0.322934 0.0146111 0.000378462
0.323162 0.0138611 0.000381331
0.32339 0.0138843 0.000379499
0.323618 0.0140822 0.0003811
0.323846 0.0139486 0.000380409
0.324074 0.0141305 0.000377836
0.324302 0.0140316 0.000380845
0.32453 0.0137377 0.000380036
0.324758 0.0137256 0.000381327
0.324986 0.0136545 0.000379312
0.325214 0.0140274 0.000378549
0.325442 0.0142955 0.000382084
0.32567 0.01413 0.000379234
0.325898 0.0138164 0.000380045
0.326126 0.0145521 0.000379526
0.326354 0.0149257 0.000380417
0.326582 0.014558 0.000382781
0.32681 0.0146946 0.00037755
0.327038 0.014809 0.000380261
0.327266 0.0144832 0.000380468
0.327494 0.0141993 0.000379499
0.327722 0.0135425 0.000381469
0.32795 0.0134301 0.000376334
0.328178 0.0139296 0.000380794
0.328406 0.014418 0.000379085
0.328634 0.0136057 0.00037898
0.328862 0.0133457 0.000379454
0.32909 0.0141382 0.000379726
0.329318 0.0140966 0.000380984
0.329546 0.0140874 0.000378841
0.329774 0.0147319 0.000378424
0.330002 0.0139999 0.000379614
0.33023 0.0138207 0.000379708
0.330458 0.0142632 0.000382016
0.330686 0.0138775 0.000378427
0.330914 0.0139555 0.0003797
0.331142 0.0147611 0.00037917
0.33137 0.0140629 0.00038038
0.331598 0.0136175 0.000378992
0.331826 0.0131894 0.000378393
0.332054 0.0134731 0.000380515
0.332282 0.013622 0.000379955
0.33251 0.0134666 0.000379332
0.332738 0.0129516 0.000377449
0.332966 0.0132041 0.000379573
0.333194 0.0137154 0.000381131
0.333422 0.0141464 0.000378319
0.33365 0.0141525 0.000379444
0.333878 0.0144633 0.000378719
0.334106 0.0135585 0.000380315
0.334334 0.01312 0.000380807
0.334562 0.0136658 0.000377206
0.33479 0.0132172 0.000379233
0.335018 0.0131984 0.00037918
0.335246 0.0135937 0.000379935
0.335474 0.013301 0.000379377
0.335702 0.0133995 0.000377842
0.33593 0.0130437 0.000379165
0.336158 0.0137575 0.000378671
0.336386 0.0131675 0.000380658
0.336614 0.0134051 0.000378186
0.336842 0.0132495 0.00037751
0.33707 0.0132489 0.00038049
0.337298 0.0129525 0.000378214
0.337526 0.012659 0.000378905
0.337754 0.0137311 0.000378595
0.337982 0.0141576 0.000380499
0.33821 0.0139763 0.000380109
0.338438 0.0137514 0.000378215
0.338666 0.013292 0.000379444
0.338894 0.0133736 0.000377404
0.339122 0.0137418 0.000380597
0.33935 0.0139647 0.000378229
0.339578 0.0137617 0.00037848
0.339806 0.013499 0.000380679
0.340034 0.0130823 0.000377775
0.340262 0.012561 0.000380584
0.34049 0.0126257 0.000377115
0.340718 0.0134229 0.000379666
0.340946 0.0135576 0.000380248
0.341174 0.0134313 0.000377664
0.341402 0.0131366 0.000379024
0.34163 0.0128766 0.000377375
0.341858 0.0133113 0.000379958
0.342086 0.0133326 0.000380694
0.342314 0.0124966 0.000376959
0.342542 0.0128741 0.000381411
0.342769 0.0130625 0.000377955
0.342997 0.013099 0.000379425
0.343225 0.0129777 0.000377744
0.343453 0.0134335 0.000378368
0.343681 0.0125936 0.000380975
0.343909 0.0123226 0.000378191
0.344137 0.0134391 0.000378895
0.344365 0.0139083 0.000378225
0.344593 0.0137336 0.000380265
0.344821 0.0138622 0.000379935
0.345049 0.0143248 0.000379884
0.345277 0.0140306 0.000378976
0.345505 0.0136583 0.00037837
0.345733 0.0133461 0.000380541
0.345961 0.0137966 0.000379463
0.346189 0.0133098 0.000380034
0.346417 0.0134055 0.00037986
0.346645 0.0137694 0.000377897
0.346873 0.0134049 0.000380433
0.347101 0.0135427 0.000378846
0.347329 0.013095 0.000378325
0.347557 0.0128271 0.000380101
0.347785 0.012522 0.000378584
0.348013 0.0132251 0.000379253
0.348241 0.0130574 0.000377581
0.348469 0.0128169 0.000380213
0.348697 0.0130029 0.00037978
0.348925 0.0127172 0.000380533
0.349153 0.0125883 0.000379949
0.349381 0.0130983 0.000377061
0.349609 0.0127855 0.000380735
0.349837 0.0127902 0.000379011
0.350065 0.0135811 0.000379714
0.350293 0.0131054 0.000381616
0.350521 0.0130954 0.000377255
0.350749 0.0128402 0.000380042
0.350977 0.0128599 0.00037775
0.351205 0.0128634 0.000379629
0.351433 0.0124436 0.000379819
0.351661 0.0129486 0.000379474
0.351889 0.0132364 0.000380562
0.352117 0.0133675 0.00037702
0.352345 0.0129469 0.000380216
0.352573 0.0128039 0.000379665
0.352801 0.0126366 0.000380566
0.353029 0.0134605 0.000380565
0.353257 0.013192 0.000378468
0.353485 0.013394 0.00037998
0.353713 0.0128062 0.00037878
0.353941 0.0121748 0.000378686
0.354169 0.0124634 0.000379609
0.354397 0.0126561 0.000379001
0.354625 0.0131783 0.000380652
0.354853 0.0128326 0.000377893
0.355081 0.012306 0.000379632
0.355309 0.0124248 0.000379521
0.355537 0.0130261 0.000380678
0.355765 0.0125624 0.0003803
0.355993 0.0123696 0.000378317
0.356221 0.0124472 0.00038056
0.356449 0.0133456 0.000378335
0.356677 0.0128591 0.000381
0.356905 0.0121775 0.000380406
0.357133 0.0118157 0.000378747
0.357361 0.0120571 0.000381108
0.357589 0.0118477 0.00037889
0.357817 0.0119359 0.000378125
0.358045 0.0128394 0.000379354
0.358273 0.0122659 0.00038099
0.358501 0.0120632 0.000381573
0.358729 0.0119645 0.000377043
0.358957 0.0113777 0.000380073
0.359185 0.0121671 0.00037968
0.359413 0.0120831 0.000380365
0.359641 0.0121361 0.000381094
0.359869 0.0122176 0.000378399
0.360097 0.0127479 0.000381359
0.360325 0.0126805 0.000380028
0.360553 0.0129664 0.000380664
0.360781 0.0129129 0.000380132
0.361009 0.0127609 0.000379841
0.361237 0.0129254 0.000382151
0.361465 0.0127411 0.000380005
0.361693 0.0123136 0.000380844
0.361921 0.0121258 0.000379854
0.362149 0.0116996 0.000381
0.362377 0.011713 0.000382661
0.362605 0.0116094 0.000377934
0.362833 0.0117176 0.000381065
0.363061 0.0117984 0.000379614
0.363289 0.0120979 0.000381078
0.363517 0.0122977 0.00038017
0.363745 0.0123931 0.000378631
0.363973 0.0125074 0.000382572
0.364201 0.012479 0.00038012
0.364429 0.0127039 0.000382219
0.364657 0.0122588 0.00037996
0.364885 0.012162 0.000379815
0.365113 0.0113546 0.000382438
0.365341 0.0118377 0.000378645
0.365569 0.0118692 0.000380946
0.365797 0.0116878 0.000380465
0.366025 0.0115283 0.000380664
0.366253 0.0118777 0.000382593
0.366481 0.0115832 0.000378536
0.366709 0.0119204 0.000381325
0.366937 0.0120763 0.000379745
0.367165 0.0118823 0.000381375
0.367393 0.0115259 0.000381086
0.367621 0.011611 0.000380293
0.367849 0.0113299 0.000382052
0.368077 0.0119726 0.000380438
0.368305 0.0118575 0.000381047
0.368533 0.0119653 0.000380203
0.368761 0.0119714 0.000381685
0.368989 0.0120959 0.000381566
0.369217 0.0121165 0.00038002
0.369445 0.0125492 0.000380515
0.369673 0.0119206 0.000380755
0.369901 0.0119812 0.000383209
0.370129 0.0119623 0.000382406
0.370357 0.0118631 0.000380637
0.370585 0.0122898 0.000382183
0.370813 0.0121722 0.000380561
0.371041 0.0119454 0.000382924
0.371269 0.0121095 0.000381164
0.371497 0.0121142 0.000381555
0.371725 0.0118681 0.000382687
0.371953 0.0122843 0.000380548
0.372181 0.0116075 0.000381866
0.372409 0.0118759 0.000381247
0.372637 0.0123703 0.00038219
0.372865 0.0123422 0.00038374
0.373093 0.0118821 0.000381945
0.373321 0.0119909 0.000380129
0.373549 0.012334 0.000381805
0.373777 0.0121744 0.000383443
0.374005 0.012119 0.000383664
0.374233 0.0116752 0.000380791
0.374461 0.0119789 0.000382258
0.374689 0.0119906 0.000382766
0.374917 0.0121529 0.000381841
0.375145 0.0120385 0.00038297
0.375373 0.0117931 0.000382056
0.375601 0.0118652 0.000383895
0.375829 0.0116805 0.000382507
0.376057 0.0115292 0.000381295
0.376285 0.0116461 0.000382138
0.376513 0.0116369 0.000381916
0.376741 0.0112834 0.000382655
0.376969 0.0117822 0.000384444
0.377197 0.0118146 0.000382505
0.377425 0.0115927 0.00038234
0.377653 0.0116302 0.00038314
0.377881 0.0116228 0.000382901
0.378109 0.0119338 0.000382955
0.378337 0.0126989 0.000383161
0.378565 0.012419 0.000384972
0.378793 0.0114246 0.000383363
0.379021 0.0113454 0.000382422
0.379249 0.0115855 0.000384379
0.379477 0.011994 0.000383825
0.379705 0.0124308 0.000384762
0.379933 0.0118194 0.000382146
0.380161 0.0117658 0.000382666
0.380389 0.0115604 0.000384095
0.380617 0.0115706 0.000383544
0.380845 0.0116807 0.000384367
0.381073 0.0115151 0.00038375
0.381301 0.0116613 0.000383843
0.381529 0.0120022 0.000385536
0.381757 0.0116222 0.000383204
0.381985 0.0114833 0.000383454
0.382213 0.0116113 0.000384273
0.382441 0.0120794 0.000384895
0.382669 0.0123846 0.000385733
0.382897 0.0128199 0.000384093
0.383125 0.0127449 0.000384403
0.383353 0.0127329 0.000385051
0.383581 0.0122736 0.000384139
0.383809 0.0123069 0.000384726
0.384037 0.0124083 0.000385069
0.384265 0.012233 0.000385466
0.384493 0.0116398 0.000385524
0.384721 0.0116497 0.000384426
0.384949 0.0114401 0.000385592
0.385177 0.0118401 0.000385179
0.385405 0.012246 0.000386534
0.385633 0.0116078 0.000386356
0.385861 0.0109503 0.00038323
0.386089 0.010966 0.000386432
0.386317 0.0117185 0.000385774
0.386545 0.0121289 0.000386994
0.386773 0.0117085 0.000385469
0.387001 0.0111953 0.000385231
0.387229 0.0105666 0.000385471
0.387457 0.0113858 0.000385672
0.387685 0.0109279 0.000385124
0.387913 0.0110711 0.000385659
0.388141 0.0112556 0.000386335
0.388369 0.0112931 0.00038756
0.388597 0.0110529 0.000385854
0.388825 0.0112392 0.000385076
0.389053 0.0115388 0.000386954
0.389281 0.0109425 0.000388209
0.389509 0.0105116 0.000388995
0.389737 0.0115545 0.000385241
0.389965 0.0117492 0.00038699
0.390193 0.0117195 0.000387889
0.390421 0.0110398 0.000387503
0.390649 0.0109414 0.000388016
0.390877 0.0110799 0.000385919
0.391105 0.0111805 0.000387552
0.391333 0.0111759 0.000388334
0.391561 0.0110512 0.000386177
0.391789 0.0106729 0.000387757
0.392017 0.0107935 0.000387845
0.392245 0.0105807 0.000387561
0.392473 0.0106377 0.000388143
0.392701 0.01078 0.000386421
0.392929 0.0113888 0.000388966
0.393157 0.0112566 0.000388451
0.393385 0.0118446 0.000388777
0.393613 0.0119757 0.000387484
0.393841 0.0116442 0.00038836
0.394069 0.0113109 0.00039014
0.394297 0.0113766 0.000388818
0.394525 0.0115993 0.000387856
0.394753 0.0112495 0.00038913
0.394981 0.0107893 0.0003892
0.395209 0.0107119 0.000389225
0.395437 0.010744 0.000388731
0.395665 0.010906 0.000388964
0.395893 0.0110569 0.000391121
0.396121 0.0107664 0.000389998
0.396349 0.0109585 0.000389314
0.396577 0.011141 0.000390123
0.396805 0.0104308 0.000389604
0.397033 0.0106717 0.000390481
0.397261 0.0107762 0.000388887
0.397489 0.0110224 0.000389764
0.397717 0.0110656 0.000390951
0.397945 0.0106539 0.00039093
0.398173 0.0106613 0.00039088
0.398401 0.0104935 0.000388871
0.398629 0.0102436 0.000390218
0.398857 0.0110103 0.000390722
0.399085 0.0107676 0.000389984
0.399313 0.0113622 0.000390382
0.399541 0.0112701 0.000390989
0.399769 0.0108049 0.000392157
0.399997 0.0104127 0.000390744
0.400225 0.00997247 0.000389159
0.400453 0.0100701 0.000390553
0.400681 0.0106753 0.000392874
0.400908 0.0111693 0.000392029
0.401136 0.0106877 0.000392286
0.401364 0.0107759 0.000391419
0.401592 0.010524 0.000392359
0.40182 0.0108622 0.000392224
0.402048 0.0112111 0.000392453
0.402276 0.011722 0.000391494
0.402504 0.0114165 0.000392582
0.402732 0.0114392 0.000393876
0.40296 0.010798 0.000393132
0.403188 0.0111772 0.000392691
0.403416 0.0110819 0.00039359
0.403644 0.0108179 0.000393332
0.403872 0.010803 0.000394061
0.4041 0.010831 0.000393022
0.404328 0.0112761 0.000393171
0.404556 0.0110464 0.00039377
0.404784 0.0111266 0.000394096
0.405012 0.0108247 0.000394515
0.40524 0.0108161 0.000393662
0.405468 0.0107403 0.00039439
0.405696 0.0109059 0.000393772
0.405924 0.0109909 0.000394095
0.406152 0.01152 0.000393435
0.40638 0.0112776 0.000396051
0.406608 0.0110262 0.000395662
0.406836 0.0107947 0.000395321
0.407064 0.0106076 0.00039394
0.407292 0.0102213 0.000394574
0.40752 0.0101775 0.000394679
0.407748 0.0106293 0.000395644
0.407976 0.0107753 0.000395684
0.408204 0.0111424 0.000396066
0.408432 0.0112013 0.000395302
0.40866 0.0110253 0.000395875
0.408888 0.0108054 0.000396378
0.409116 0.0105505 0.000395346
0.409344 0.0103639 0.000396068
0.409572 0.0107042 0.000397581
0.4098 0.0107063 0.000396352
0.410028 0.0103303 0.000395725
0.410256 0.0104507 0.000396829
0.410484 0.0106432 0.000397876
0.410712 0.0102753 0.000397748
0.41094 0.0101853 0.000396798
0.411168 0.00972475 0.000396182
0.411396 0.00986065 0.000397994
0.411624 0.0109896 0.000397671
0.411852 0.011349 0.00039852
0.41208 0.0108574 0.000398814
0.412308 0.0111547 0.000398516
0.412536 0.0115683 0.000399116
0.412764 0.0110335 0.000396915
0.412992 0.0109624 0.000397304
0.41322 0.0111638 0.000398868
0.413448 0.0108605 0.000399673
0.413676 0.0104839 0.000399738
0.413904 0.0103681 0.000398543
0.414132 0.00996594 0.000399102
0.41436 0.00997129 0.000400438
0.414588 0.0105796 0.000399934
0.414816 0.0104106 0.000398504
0.415044 0.0104333 0.000400641
0.415272 0.0108594 0.000400497
0.4155 0.0106335 0.000400411
0.415728 0.0101295 0.000398144
0.415956 0.00967699 0.000400625
0.416184 0.0099853 0.000401887
0.416412 0.0100708 0.0004017
0.41664 0.00945539 0.000399834
0.416868 0.00959083 0.000398755
0.417096 0.00974624 0.000401569
0.417324 0.0103134 0.000402287
0.417552 0.010371 0.000401035
0.41778 0.00992149 0.000401565
0.418008 0.00979856 0.000401699
0.418236 0.0100807 0.000401466
0.418464 0.0104039 0.000402924
0.418692 0.0100233 0.000401437
0.41892 0.00977559 0.000402341
0.419148 0.0104029 0.000403725
0.419376 0.0111904 0.000404014
0.419604 0.010994 0.000402095
0.419832 0.0114898 0.000403256
0.42006 0.0106941 0.000403922
0.420288 0.0100743 0.000404325
0.420516 0.0102106 0.000402827
0.420744 0.0109776 0.000404907
0.420972 0.0104899 0.000403185
0.4212 0.0102316 0.000405051
0.421428 0.0100856 0.000403722
0.421656 0.0100781 0.00040503
0.421884 0.010506 0.000406919
0.422112 0.0106102 0.000405484
0.42234 0.0106605 0.00040443
0.422568 0.0106584 0.000404301
0.422796 0.0104956 0.000405544
0.423024 0.0103862 0.00040739
0.423252 0.0105846 0.000406402
0.42348 0.0100114 0.000406115
0.423708 0.0101846 0.000406366
0.423936 0.0106476 0.000406321
0.424164 0.00986002 0.000406851
0.424392 0.00973223 0.000405977
0.42462 0.00992896 0.000406225
0.424848 0.0103291 0.00040842
0.425076 0.00998781 0.000408325
0.425304 0.00879966 0.000405944
0.425532 0.00943501 0.000407568
0.42576 0.0105375 0.000408844
0.425988 0.0113451 0.00040994
0.426216 0.0109851 0.000409214
0.426444 0.0104648 0.000408265
0.426672 0.0105175 0.000408677
0.4269 0.0102622 0.00040964
0.427128 0.0105308 0.000411141
0.427356 0.0104453 0.000408749
0.427584 0.0104062 0.000409961
0.427812 0.0101078 0.000410514
0.42804 0.00971727 0.000409274
0.428268 0.0102998 0.000408376
0.428496 0.0104761 0.000410431
0.428724 0.0102732 0.000411549
0.428952 0.0107092 0.000412169
0.42918 0.0104723 0.00041058
0.429408 0.0101432 0.000409692
0.429636 0.0102765 0.000411834
0.429864 0.0104413 0.000412453
0.430092 0.0111173 0.000413405
0.43032 0.0104914 0.000411731
0.430548 0.0101125 0.000413407
0.430776 0.00958681 0.00041339
0.431004 0.00947491 0.000413139
0.431232 0.00910466 0.000411745
0.43146 0.00915653 0.00041217
0.431688 0.00911994 0.000413869
0.431916 0.00967856 0.000414666
0.432144 0.0103481 0.000413801
0.432372 0.010371 0.000414389
0.4326 0.009691 0.000414284
0.432828 0.00981485 0.000414811
0.433056 0.0100035 0.000414401
0.433284 0.0104444 0.000415409
0.433512 0.0110092 0.00041605
0.43374 0.0112115 0.000416523
0.433968 0.010663 0.000415364
0.434196 0.0104492 0.000415822
0.434424 0.0105284 0.000417057
0.434652 0.0101806 0.000417536
0.43488 0.0101744 0.00041813
0.435108 0.0104017 0.000415173
0.435336 0.00999483 0.000417139
0.435564 0.0103335 0.0004182
0.435792 0.0107503 0.000419365
0.43602 0.0109028 0.000417925
0.436248 0.0102755 0.000418507
0.436476 0.0105385 0.000419938
0.436704 0.0110337 0.00041952
0.436932 0.0109541 0.000418825
0.43716 0.0108372 0.00041996
0.437388 0.0102975 0.00042042
0.437616 0.00997766 0.000420724
0.437844 0.00983705 0.000419612
0.438072 0.00949261 0.000420195
0.4383 0.0104643 0.000421546
0.438528 0.0108835 0.00042238
0.438756 0.0104756 0.000422164
0.438984 0.0108317 0.000421729
0.439212 0.0101549 0.000421386
0.43944 0.0102731 0.000422377
0.439668 0.0109044 0.000422744
0.439896 0.0103991 0.000422665
0.440124 0.010132 0.000423361
0.440352 0.00984028 0.00042283
0.44058 0.0097781 0.000424871
0.440808 0.0100495 0.000421391
0.441036 0.00969005 0.000423506
0.441264 0.00995587 0.000424656
0.441492 0.0100479 0.000426229
0.44172 0.00932791 0.00042456
0.441948 0.00899914 0.000424697
0.442176 0.00881965 0.000425345
0.442404 0.00936765 0.000426767
0.442632 0.00988921 0.000427768
0.44286 0.0098915 0.000425129
0.443088 0.00903149 0.000426091
0.443316 0.00915676 0.000426841
0.443544 0.00873402 0.00042642
0.443772 0.00877172 0.000425861
0.444 0.0105548 0.00042841
0.444228 0.010202 0.000429791
0.444456 0.0094572 0.000429271
0.444684 0.00930518 0.000427564
0.444912 0.00972004 0.000427792
0.44514 0.0105026 0.000429916
0.445368 0.0101856 0.00043018
0.445596 0.00967746 0.000430278
0.445824 0.00866054 0.000429103
0.446052 0.0085665 0.000430166
0.44628 0.0091507 0.000430131
0.446508 0.00881823 0.00043113
0.446736 0.0094469 0.000430302
0.446964 0.00998814 0.000431724
0.447192 0.00953078 0.000433609
0.44742 0.00958602 0.000433646
0.447648 0.0101626 0.000431477
0.447876 0.00977244 0.000433059
0.448104 0.00893925 0.000433409
0.448332 0.00907508 0.000434424
0.44856 0.00872514 0.000433445
0.448788 0.00870751 0.000434213
0.449016 0.00881273 0.000434766
0.449244 0.00896578 0.000436066
0.449472 0.00903763 0.000436194
0.4497 0.00923647 0.000436099
0.449928 0.0090174 0.000435858
0.450156 0.00934916 0.000436996
0.450384 0.00992998 0.000436684
0.450612 0.00994761 0.000435445
0.45084 0.00942998 0.000438559
0.451068 0.00870971 0.00043905
0.451296 0.00913661 0.00043935
0.451524 0.00972334 0.000438481
0.451752 0.00878699 0.000438276
0.45198 0.00852825 0.000437831
0.452208 0.0090052 0.000438535
0.452436 0.0090676 0.000438809
0.452664 0.00952551 0.000441524
0.452892 0.0103134 0.000443374
0.45312 0.0102474 0.000442726
0.453348 0.00956241 0.00043897
0.453576 0.00920224 0.00044204
0.453804 0.00955958 0.000442259
0.454032 0.00981518 0.000443095
0.45426 0.0103053 0.000443637
0.454488 0.0100904 0.000443873
0.454716 0.00923246 0.000443156
0.454944 0.00937252 0.000444803
0.455172 0.0090015 0.00044628
0.4554 0.00867611 0.000443804
0.455628 0.00932579 0.000446276
0.455856 0.00980769 0.00044809
0.456084 0.00975607 0.00044735
0.456312 0.0094332 0.000444438
0.45654 0.0090403 0.00044808
0.456768 0.0088726 0.000448373
0.456996 0.00894115 0.000448724
0.457224 0.00782262 0.00044719
0.457452 0.00789644 0.000447297
0.45768 0.00878116 0.000449336
0.457908 0.00922616 0.00045056
0.458136 0.00882775 0.000450214
0.458364 0.00871181 0.000448894
0.458592 0.0100768 0.000453632
0.458819 0.0107134 0.000452265
0.459047 0.0104423 0.000452536
0.459275 0.00996839 0.000450634
0.459503 0.00910726 0.000451531
0.459731 0.00924309 0.000453377
0.459959 0.0085484 0.000454394
0.460187 0.00868729 0.000454753
0.460415 0.00842981 0.000453109
0.460643 0.00935616 0.000454374
0.460871 0.00999931 0.000456342
0.461099 0.00989245 0.000455467
0.461327 0.00884136 0.000457135
0.461555 0.00807026 0.000457629
0.461783 0.00914944 0.000456459
0.462011 0.00983271 0.000457984
0.462239 0.00977031 0.000458891
0.462467 0.0100837 0.000460166
0.462695 0.0100645 0.00046069
0.462923 0.0103261 0.000460109
0.463151 0.0104503 0.00046051
0.463379 0.00977031 0.000460271
0.463607 0.00940401 0.000460566
0.463835 0.00912362 0.000462626
0.464063 0.00952361 0.000462458
0.464291 0.0090824 0.000464022
0.464519 0.00918729 0.000463543
0.464747 0.00920405 0.000462329
0.464975 0.00925379 0.000463985
0.465203 0.00973852 0.000464638
0.465431 0.00953841 0.000466266
0.465659 0.00880879 0.000466976
0.465887 0.00827896 0.000466182
0.466115 0.00897781 0.000466852
0.466343 0.00877251 0.000467624
0.466571 0.0086928 0.000468897
0.466799 0.00912009 0.000467568
0.467027 0.00964079 0.000469578
0.467255 0.0100219 0.000470591
0.467483 0.00977394 0.000471677
0.467711 0.0093531 0.000471481
0.467939 0.00887843 0.000472091
0.468167 0.00931225 0.000472495
0.468395 0.00894414 0.00047462
0.468623 0.00829941 0.000472419
0.468851 0.00799764 0.00047237
0.469079 0.00864063 0.000475469
0.469307 0.0088464 0.000474763
0.469535 0.00965165 0.000476733
0.469763 0.00948616 0.000477139
0.469991 0.00905084 0.000477963
0.470219 0.00976434 0.000477364
0.470447 0.00958736 0.000477941
0.470675 0.00964654 0.000478121
0.470903 0.00922318 0.000478966
0.471131 0.0088305 0.000480569
0.471359 0.00846845 0.000481499
0.471587 0.00859946 0.000480839
0.471815 0.00943981 0.000481129
0.472043 0.00985105 0.000484284
0.472271 0.00975914 0.000483824
0.472499 0.0095968 0.000483811
0.472727 0.0094679 0.000485456
0.472955 0.00917069 0.000484561
0.473183 0.0082345 0.000485348
0.473411 0.00860805 0.000486359
0.473639 0.00899214 0.000488359
0.473867 0.00894146 0.000489585
0.474095 0.00862536 0.000487639
0.474323 0.00837079 0.000488466
0.474551 0.0090063 0.000491691
0.474779 0.00854186 0.000490416
0.475007 0.00797111 0.000491814
0.475235 0.00852353 0.000492603
0.475463 0.0090883 0.000493656
0.475691 0.00930824 0.000494831
0.475919 0.00896412 0.000493624
0.476147 0.0101428 0.000495635
0.476375 0.00920555 0.000496896
0.476603 0.00897325 0.00049817
0.476831 0.00907689 0.000499781
0.477059 0.00886946 0.000499865
0.477287 0.00894295 0.000498202
0.477515 0.0084147 0.000498699
0.477743 0.0084343 0.000501313
0.477971 0.00884341 0.000502859
0.478199 0.00901306 0.00050264
0.478427 0.00876432 0.000503822
0.478655 0.00909396 0.000503215
0.478883 0.00911379 0.000504664
0.479111 0.00830044 0.000505928
0.479339 0.00764345 0.00050764
0.479567 0.00712667 0.000507574
0.479795 0.00782286 0.00050862
0.480023 0.00844209 0.000507705
0.480251 0.00958484 0.000509783
0.480479 0.00954951 0.000513804
0.480707 0.00832247 0.000513436
0.480935 0.00750589 0.000514073
0.481163 0.00761086 0.000516314
0.481391 0.00868273 0.000514509
0.481619 0.00933224 0.000515975
0.481847 0.00918218 0.000517453
0.482075 0.00906689 0.000517818
0.482303 0.00955415 0.000519581
0.482531 0.00927991 0.000521013
0.482759 0.00949089 0.00052162
0.482987 0.0101447 0.000523676
0.483215 0.00993871 0.000524212
0.483443 0.00859041 0.000523595
0.483671 0.00796049 0.000526736
0.483899 0.00855941 0.00052839
0.484127 0.00935774 0.000528533
0.484355 0.00940488 0.000527241
0.484583 0.00965724 0.000530303
0.484811 0.00942021 0.000531175
0.485039 0.00848104 0.0005336
0.485267 0.00829225 0.000532898
0.485495 0.00758946 0.00053361
0.485723 0.00776849 0.000534525
0.485951 0.00921247 0.000537959
0.486179 0.00950694 0.00053895
0.486407 0.0099347 0.00053963
0.486635 0.0100276 0.000541096
0.486863 0.0095787 0.000542511
0.487091 0.00852195 0.000542648
0.487319 0.00858467 0.000543477
0.487547 0.009106 0.000546099
0.487775 0.00853321 0.000547399
0.488003 0.00833876 0.000548491
0.488231 0.0081765 0.000550849
0.488459 0.00923939 0.000551162
0.488687 0.00929384 0.000553031
0.488915 0.0087655 0.000552248
0.489143 0.00879116 0.000554271
0.489371 0.00904132 0.000556828
0.489599 0.00930148 0.000556285
0.489827 0.00881185 0.000558894
0.490055 0.00855886 0.000561037
0.490283 0.00953133 0.000564295
0.490511 0.00882696 0.0005647
0.490739 0.0088671 0.000564561
0.490967 0.00877132 0.000568104
0.491195 0.00857264 0.000569529
0.491423 0.0088719 0.00057055
0.491651 0.00902927 0.000573573
0.491879 0.00746127 0.000573678
0.492107 0.00750755 0.000576119
0.492335 0.00793051 0.000579846
0.492563 0.00884294 0.000580681
0.492791 0.00859262 0.000580734
0.493019 0.00851134 0.000584206
0.493247 0.00838062 0.000585439
0.493475 0.0082164 0.000585988
0.493703 0.00826432 0.000586425
0.493931 0.00842469 0.000591524
0.494159 0.00937599 0.000593524
0.494387 0.0094114 0.000595117
0.494615 0.00929966 0.000597242
0.494843 0.00918225 0.000597967
0.495071 0.00948451 0.000601895
0.495299 0.00915022 0.000604395
0.495527 0.00884246 0.000607783
0.495755 0.00878558 0.000609441
0.495983 0.0085591 0.000609302
0.496211 0.00824787 0.0006126
0.496439 0.0071595 0.000615466
0.496667 0.00736363 0.000617919
0.496895 0.00906115 0.000621113
0.497123 0.00951229 0.000624471
0.497351 0.00867005 0.000627006
0.497579 0.00869476 0.000631026
0.497807 0.00907264 0.000633555
0.498035 0.00835245 0.000635377
0.498263 0.00859812 0.000636351
0.498491 0.00894894 0.00063982
0.498719 0.00910844 0.00064445
0.498947 0.00872184 0.000646497
0.499175 0.00863874 0.000651103
0.499403 0.00864244 0.000655373
0.499631 0.00770805 0.000655717
0.499859 0.00727556 0.000660165
0.500087 0.00712479 0.000664071
0.500315 0.00731735 0.00066896
0.500543 0.00781924 0.000672021
0.500771 0.00821349 0.000674811
0.500999 0.00798032 0.000677167
0.501227 0.00855729 0.000684079
0.501455 0.00877755 0.000688293
0.501683 0.00857909 0.00069221
0.501911 0.00930336 0.000697882
