0.0152942 1.14625 0.0305606
0.0155226 1.18431 0.0282168
0.015751 1.11431 0.0279974
0.0159794 1.15112 0.026865
0.0162077 1.18712 0.0250591
0.0164361 1.14606 0.024011
0.0166645 1.14919 0.0223636
0.0168929 1.14156 0.0220581
0.0171213 1.15325 0.0208404
0.0173497 1.13219 0.0198597
0.017578 1.10856 0.0191666
0.0178064 1.11394 0.0182881
0.0180348 1.12062 0.0175271
0.0182632 1.11225 0.0166823
0.0184916 1.12306 0.0167374
0.01872 1.10268 0.015764
0.0189483 1.08758 0.0152401
0.0191767 1.10025 0.0148883
0.0194051 1.07483 0.0140894
0.0196335 1.07056 0.0142839
0.0198619 1.0772 0.013292
0.0200903 1.0626 0.0130445
0.0203186 1.10344 0.0126468
0.020547 1.09205 0.0123109
0.0207754 1.08422 0.0123129
0.0210038 1.07009 0.0115564
0.0212322 1.07136 0.0115111
0.0214606 1.07456 0.0106978
0.0216889 1.05609 0.0102296
0.0219173 1.07829 0.0101151
0.0221457 1.07481 0.00937694
0.0223741 1.06308 0.00942725
0.0226025 1.03227 0.00892844
0.0228309 1.02559 0.00869925
0.0230592 1.01179 0.008502
0.0232876 1.01485 0.00790669
0.023516 1.01254 0.00784725
0.0237444 1.01182 0.00740944
0.0239728 1.00007 0.00726038
0.0242012 0.999756 0.00705444
0.0244295 0.989006 0.006915
0.0246579 1.0134 0.00688488
0.0248863 1.01024 0.00665313
0.0251147 0.994625 0.00660594
0.0253431 0.981619 0.00645419
0.0255715 0.96845 0.00634444
0.0257998 0.964775 0.00631831
0.0260282 0.958725 0.00612751
0.0262566 0.9473 0.00615903
0.026485 0.946131 0.00596586
0.0267134 0.951506 0.00592043
0.0269418 0.937731 0.00586664
0.0271701 0.934694 0.00575363
0.0273985 0.950812 0.00578238
0.0276269 0.932937 0.00556793
0.0278553 0.925362 0.00558519
0.0280837 0.928913 0.00554081
0.0283121 0.928644 0.00546434
0.0285404 0.927156 0.00547422
0.0287688 0.913581 0.00527212
0.0289972 0.914106 0.00532339
0.0292256 0.898044 0.00523195
0.029454 0.893256 0.00517485
0.0296824 0.90405 0.0051402
0.0299107 0.886212 0.00500092
0.0301391 0.876794 0.00507236
0.0303675 0.873563 0.00495247
0.0305959 0.866019 0.00493802
0.0308243 0.866419 0.00489371
0.0310527 0.856838 0.00483532
0.031281 0.86625 0.00482882
0.0315094 0.864387 0.00473658
0.0317378 0.852144 0.00472247
0.0319662 0.837875 0.00465691
0.0321946 0.838912 0.00462481
0.032423 0.82745 0.00460751
0.0326513 0.833819 0.00452916
0.0328797 0.823256 0.00453659
0.0331081 0.827694 0.00446768
0.0333365 0.817325 0.00445954
0.0335649 0.811688 0.00438232
0.0337933 0.817875 0.00437581
0.0340216 0.812731 0.00436297
0.03425 0.804875 0.00429496
0.0344784 0.805481 0.00430482
0.0347068 0.8049 0.00423425
0.0349352 0.791769 0.00420791
0.0351636 0.78175 0.00415592
0.0353919 0.775556 0.00409873
0.0356203 0.771625 0.00411861
0.0358487 0.766606 0.00407172
0.0360771 0.763656 0.00405802
0.0363055 0.762713 0.00401552
0.0365339 0.762369 0.00397671
0.0367622 0.7569 0.00397856
0.0369906 0.755869 0.00391969
0.037219 0.747956 0.00395192
0.0374474 0.750119 0.00386441
0.0376758 0.745306 0.0038564
0.0379042 0.7375 0.0038956
0.0381325 0.732275 0.00378564
0.0383609 0.717806 0.00380407
0.0385893 0.715738 0.00374619
0.0388177 0.720612 0.00375494
0.0390461 0.712213 0.00374329
0.0392744 0.7063 0.00366851
0.0395028 0.69675 0.00370736
0.0397312 0.696438 0.00364703
0.0399596 0.690419 0.00367073
0.040188 0.691375 0.00361436
0.0404164 0.685819 0.00357148
0.0406447 0.685963 0.00359689
0.0408731 0.681775 0.00353007
0.0411015 0.67535 0.00356389
0.0413299 0.671744 0.00350347
0.0415583 0.664819 0.00349972
0.0417867 0.661713 0.00350865
0.042015 0.657837 0.00343452
0.0422434 0.651088 0.00346955
0.0424718 0.650225 0.00340362
0.0427002 0.644425 0.00343154
0.0429286 0.640125 0.00339579
0.043157 0.634456 0.00334637
0.0433853 0.621494 0.0033774
0.0436137 0.617544 0.00332797
0.0438421 0.62235 0.00333929
0.0440705 0.6142 0.00329799
0.0442989 0.610944 0.00327437
0.0445273 0.6119 0.00329767
0.0447556 0.61125 0.00325479
0.044984 0.605944 0.00326723
0.0452124 0.604375 0.00322119
0.0454408 0.588575 0.00320487
0.0456692 0.585906 0.00321704
0.0458976 0.583169 0.00316037
0.0461259 0.589756 0.00318094
0.0463543 0.582381 0.00313696
0.0465827 0.575638 0.00315889
0.0468111 0.579475 0.00313699
0.0470395 0.577869 0.00310286
0.0472679 0.564275 0.00311751
0.0474962 0.561063 0.0030841
0.0477246 0.56295 0.00309848
0.047953 0.55895 0.00307312
0.0481814 0.549931 0.00306764
0.0484098 0.554856 0.00313736
0.0486382 0.548131 0.00310529
0.0488665 0.536 0.00312042
0.0490949 0.53215 0.00308895
0.0493233 0.532231 0.00310203
0.0495517 0.530981 0.00311205
0.0497801 0.530787 0.00310839
0.0500085 0.527188 0.00311424
0.0502368 0.519012 0.00308151
0.0504652 0.516894 0.00309854
0.0506936 0.51275 0.00307984
0.050922 0.510319 0.00308235
0.0511504 0.507594 0.00309446
0.0513788 0.502569 0.00306349
0.0516071 0.498 0.00307467
0.0518355 0.489875 0.00305228
0.0520639 0.496894 0.00304851
0.0522923 0.495306 0.00306102
0.0525207 0.491969 0.00304038
0.0527491 0.488013 0.00305934
0.0529774 0.485481 0.00301059
0.0532058 0.479606 0.00303875
0.0534342 0.472894 0.0030233
0.0536626 0.465963 0.00300781
0.053891 0.462788 0.00301399
0.0541194 0.463969 0.00300011
0.0543477 0.456475 0.00302448
0.0545761 0.456394 0.00298881
0.0548045 0.456856 0.00298789
0.0550329 0.453094 0.00297568
0.0552613 0.441113 0.00295742
0.0554897 0.448062 0.00299318
0.055718 0.43535 0.00295156
0.0559464 0.439456 0.00296337
0.0561748 0.431575 0.00294294
0.0564032 0.427975 0.00295526
0.0566316 0.42635 0.00296594
0.05686 0.428825 0.00292854
0.0570883 0.42875 0.00295651
0.0573167 0.424212 0.00291282
0.0575451 0.422456 0.00292672
0.0577735 0.414563 0.00292528
0.0580019 0.411938 0.00288379
0.0582303 0.411 0.00294622
0.0584586 0.407369 0.00290424
0.058687 0.404187 0.00291125
0.0589154 0.402181 0.00288368
0.0591438 0.393481 0.00287652
0.0593722 0.402444 0.0029085
0.0596006 0.399725 0.00286887
0.0598289 0.392888 0.00289216
0.0600573 0.391194 0.00285412
0.0602857 0.391338 0.00287595
0.0605141 0.37955 0.00287738
0.0607425 0.378881 0.00282446
0.0609709 0.3843 0.00286855
0.0611992 0.384181 0.00284082
0.0614276 0.376494 0.00283417
0.061656 0.369331 0.00285899
0.0618844 0.367875 0.00280713
0.0621128 0.365256 0.00285092
0.0623412 0.362281 0.00281355
0.0625695 0.36065 0.00282272
0.0627979 0.358006 0.00280554
0.0630263 0.356675 0.00280912
0.0632547 0.346863 0.00281919
0.0634831 0.35005 0.00279132
0.0637114 0.356106 0.00280393
0.0639398 0.354969 0.00280646
0.0641682 0.349075 0.00278683
0.0643966 0.344112 0.00280913
0.064625 0.342888 0.00275263
0.0648534 0.346388 0.00279781
0.0650817 0.340275 0.00277339
0.0653101 0.336456 0.00278295
0.0655385 0.336825 0.00276726
0.0657669 0.333831 0.00274572
0.0659953 0.325419 0.00277213
0.0662237 0.326869 0.00274152
0.066452 0.331112 0.00275092
0.0666804 0.328937 0.00273984
0.0669088 0.328281 0.00274073
0.0671372 0.327206 0.00274992
0.0673656 0.322994 0.00271516
0.067594 0.314256 0.00273019
0.0678223 0.313425 0.00273798
0.0680507 0.313713 0.00271459
0.0682791 0.311519 0.00272292
0.0685075 0.310437 0.00268563
0.0687359 0.309244 0.00271095
0.0689643 0.30455 0.00270126
0.0691926 0.30185 0.00270041
0.069421 0.299381 0.00270278
0.0696494 0.301356 0.00268162
0.0698778 0.300731 0.0026997
0.0701062 0.2989 0.00267029
0.0703346 0.2967 0.00267719
0.0705629 0.293488 0.00268598
0.0707913 0.292981 0.00265691
0.0710197 0.2857 0.00268548
0.0712481 0.286056 0.00264551
0.0714765 0.284488 0.00264388
0.0717049 0.278087 0.00266081
0.0719332 0.289237 0.00264554
0.0721616 0.283756 0.00265463
0.07239 0.281363 0.00263284
0.0726184 0.281194 0.0026493
0.0728468 0.276919 0.00263157
0.0730752 0.274025 0.00262974
0.0733035 0.264994 0.00261911
0.0735319 0.2699 0.00261762
0.0737603 0.269163 0.00263441
0.0739887 0.265694 0.00259847
0.0742171 0.267381 0.00261051
0.0744455 0.258856 0.00258802
0.0746738 0.258669 0.00260108
0.0749022 0.260313 0.00260588
0.0751306 0.2577 0.00259314
0.075359 0.254806 0.00259321
0.0755874 0.255331 0.00257862
0.0758158 0.25715 0.00258203
0.0760441 0.249756 0.00257433
0.0762725 0.249944 0.00256928
0.0765009 0.248125 0.00258859
0.0767293 0.251069 0.00256237
0.0769577 0.250063 0.00257424
0.0771861 0.237419 0.00255369
0.0774144 0.243481 0.00255602
0.0776428 0.241856 0.00255816
0.0778712 0.24385 0.00255471
0.0780996 0.241569 0.00254856
0.078328 0.236888 0.00253021
0.0785564 0.240225 0.00254836
0.0787847 0.233469 0.00253887
0.0790131 0.23335 0.00251935
0.0792415 0.2359 0.00252835
0.0794699 0.233088 0.00252434
0.0796983 0.228475 0.00253357
0.0799267 0.231538 0.00251143
0.080155 0.227944 0.00250427
0.0803834 0.226831 0.00252002
0.0806118 0.2238 0.0025086
0.0808402 0.223375 0.00252025
0.0810686 0.221919 0.00248649
0.081297 0.223231 0.00249249
0.0815253 0.219006 0.00250361
0.0817537 0.220194 0.00248548
0.0819821 0.22385 0.00249519
0.0822105 0.224894 0.00247516
0.0824389 0.218 0.00249698
0.0826673 0.211756 0.00246744
0.0828956 0.213675 0.002464
0.083124 0.219725 0.00248298
0.0833524 0.215231 0.00245505
0.0835808 0.211962 0.00248509
0.0838092 0.210219 0.00246349
0.0840376 0.208025 0.00245115
0.0842659 0.205838 0.00247952
0.0844943 0.20775 0.00244509
0.0847227 0.204662 0.00245941
0.0849511 0.203531 0.00243326
0.0851795 0.205181 0.00243611
0.0854079 0.203425 0.0024589
0.0856362 0.202881 0.00243449
0.0858646 0.200738 0.00244914
0.086093 0.202769 0.00241822
0.0863214 0.205063 0.00244317
0.0865498 0.202781 0.00244392
0.0867781 0.199288 0.00241834
0.0870065 0.19925 0.00242325
0.0872349 0.196925 0.00241931
0.0874633 0.196513 0.00241502
0.0876917 0.198806 0.00241768
0.0879201 0.191644 0.00240504
0.0881484 0.194812 0.00240937
0.0883768 0.192837 0.00240682
0.0886052 0.190169 0.00240914
0.0888336 0.189688 0.00239562
0.089062 0.183963 0.00239437
0.0892904 0.18475 0.00240019
0.0895187 0.180625 0.00239444
0.0897471 0.182688 0.00238838
0.0899755 0.175319 0.00237526
0.0902039 0.180606 0.00238789
0.0904323 0.180312 0.00237969
0.0906607 0.179375 0.00237804
0.090889 0.173237 0.00237038
0.0911174 0.176931 0.00236362
0.0913458 0.182406 0.00238274
0.0915742 0.173806 0.00236534
0.0918026 0.180025 0.00235532
0.092031 0.178769 0.00237539
0.0922593 0.175675 0.00235856
0.0924877 0.175237 0.00235983
0.0927161 0.176956 0.0023395
0.0929445 0.175412 0.00235824
0.0931729 0.174138 0.00235235
0.0934013 0.169319 0.00235011
0.0936296 0.173225 0.0023507
0.093858 0.1736 0.00232971
0.0940864 0.168919 0.00234261
0.0943148 0.170625 0.00233306
0.0945432 0.17325 0.00233731
0.0947716 0.166612 0.00232466
0.0949999 0.165612 0.00233304
0.0952283 0.166063 0.00233058
0.0954567 0.166137 0.00232215
0.0956851 0.16385 0.00232438
0.0959135 0.164575 0.00232408
0.0961419 0.163319 0.00231013
0.0963702 0.15835 0.00232059
0.0965986 0.160206 0.00229186
0.096827 0.1606 0.00231592
0.0970554 0.158206 0.00231006
0.0972838 0.15705 0.00230562
0.0975122 0.155944 0.00230719
0.0977405 0.157638 0.00229493
0.0979689 0.154719 0.0023179
0.0981973 0.153456 0.00228954
0.0984257 0.152219 0.00229225
0.0986541 0.150669 0.00229317
0.0988825 0.154713 0.002283
0.0991108 0.152594 0.00230147
0.0993392 0.148006 0.00228083
0.0995676 0.154881 0.00228526
0.099796 0.153881 0.0022847
0.100024 0.14865 0.00227349
0.100253 0.147331 0.00228673
0.100481 0.148731 0.00226723
0.10071 0.15 0.00227976
0.100938 0.147331 0.00227778
0.101166 0.150575 0.00226469
0.101395 0.147163 0.00226562
0.101623 0.1447 0.00225578
0.101851 0.1426 0.00226842
0.10208 0.148931 0.00226482
0.102308 0.147725 0.00225758
0.102537 0.1434 0.00225232
0.102765 0.143088 0.00225957
0.102993 0.13925 0.00225801
0.103222 0.140756 0.00224796
0.10345 0.138406 0.00224775
0.103679 0.140375 0.00224157
0.103907 0.140813 0.00224372
0.104135 0.142987 0.00224744
0.104364 0.143281 0.00223966
0.104592 0.135606 0.00224698
0.10482 0.134288 0.00223608
0.105049 0.140462 0.00224313
0.105277 0.136637 0.00222834
0.105506 0.134719 0.00222032
0.105734 0.134894 0.00223981
0.105962 0.138288 0.00221344
0.106191 0.133956 0.00223254
0.106419 0.134225 0.00222386
0.106647 0.135013 0.00221915
0.106876 0.130075 0.00222489
0.107104 0.13395 0.00220798
0.107333 0.131781 0.00221619
0.107561 0.135288 0.00221444
0.107789 0.131981 0.00221103
0.108018 0.129506 0.00221108
0.108246 0.127862 0.00219218
0.108475 0.12755 0.00222249
0.108703 0.130925 0.00220107
0.108931 0.127413 0.00220976
0.10916 0.128156 0.00220014
0.109388 0.126006 0.00219358
0.109616 0.126119 0.00220998
0.109845 0.125406 0.00218453
0.110073 0.125844 0.00220138
0.110302 0.124625 0.00218471
0.11053 0.119681 0.00218734
0.110758 0.123438 0.00219258
0.110987 0.123575 0.00217416
0.111215 0.123088 0.00218421
0.111444 0.122581 0.00218118
0.111672 0.12155 0.00218709
0.1119 0.122044 0.00218189
0.112129 0.122856 0.0021647
0.112357 0.119813 0.00217669
0.112585 0.120494 0.00217067
0.112814 0.12465 0.00217073
0.113042 0.120519 0.00216878
0.113271 0.123412 0.00215925
0.113499 0.121725 0.00218824
0.113727 0.121981 0.00216052
0.113956 0.122775 0.00216701
0.114184 0.116994 0.00216216
0.114413 0.117819 0.00216385
0.114641 0.119362 0.00217149
0.114869 0.115731 0.00214716
0.115098 0.115288 0.00214956
0.115326 0.1161 0.00214916
0.115554 0.113263 0.00215231
0.115783 0.116219 0.00215933
0.116011 0.116825 0.00214058
0.11624 0.115862 0.00215142
0.116468 0.111463 0.00214173
0.116696 0.110375 0.00214185
0.116925 0.107875 0.00213913
0.117153 0.113931 0.00213991
0.117381 0.110781 0.00214311
0.11761 0.116013 0.00213396
0.117838 0.109613 0.00213316
0.118067 0.105875 0.00213157
0.118295 0.106375 0.00213642
0.118523 0.108313 0.00212619
0.118752 0.106444 0.00212474
0.11898 0.104469 0.00212311
0.119209 0.105825 0.00212299
0.119437 0.102744 0.00213324
0.119665 0.105125 0.00211376
0.119894 0.110475 0.00211567
0.120122 0.104587 0.00212553
0.12035 0.103512 0.00211816
0.120579 0.105688 0.00212268
0.120807 0.103969 0.00209511
0.121036 0.104956 0.00212396
0.121264 0.103887 0.00211079
0.121492 0.103112 0.00210348
0.121721 0.104625 0.00211441
0.121949 0.108531 0.00209871
0.122178 0.106362 0.00211345
0.122406 0.104081 0.00210825
0.122634 0.103694 0.00209511
0.122863 0.104881 0.00210098
0.123091 0.104744 0.00209491
0.123319 0.1 0.0021058
0.123548 0.107625 0.00209319
0.123776 0.104288 0.00209244
0.124005 0.100194 0.00209421
0.124233 0.103938 0.00208168
0.124461 0.09955 0.00210447
0.12469 0.100769 0.00208113
0.124918 0.0977813 0.00208919
0.125147 0.0939438 0.00209465
0.125375 0.0957313 0.00207277
0.125603 0.0987125 0.00209061
0.125832 0.0958062 0.00207214
0.12606 0.100237 0.00208843
0.126288 0.09705 0.00207172
0.126517 0.0985 0.00207432
0.126745 0.0971687 0.00208067
0.126974 0.0973187 0.00206969
0.127202 0.0941188 0.00208566
0.12743 0.0914125 0.00206076
0.127659 0.0924875 0.00206599
0.127887 0.0944375 0.00206828
0.128116 0.0931687 0.00206534
0.128344 0.0932 0.00207668
0.128572 0.0919875 0.00204339
0.128801 0.0952687 0.00206876
0.129029 0.0945187 0.00206296
0.129257 0.0919937 0.0020506
0.129486 0.092275 0.00206304
0.129714 0.0902063 0.00204112
0.129943 0.0860313 0.00206357
0.130171 0.0912375 0.00205546
0.130399 0.095 0.00205544
0.130628 0.0965812 0.00205467
0.130856 0.0975875 0.00204239
0.131084 0.0900187 0.00205916
0.131313 0.0913375 0.00204291
0.131541 0.090125 0.002039
0.13177 0.0910625 0.00205035
0.131998 0.08565 0.00203104
0.132226 0.0867375 0.00205189
0.132455 0.090425 0.00203358
0.132683 0.08685 0.00204249
0.132912 0.0898125 0.00204084
0.13314 0.09145 0.00203547
0.133368 0.0853187 0.00203216
0.133597 0.086125 0.00202573
0.133825 0.08635 0.00203942
0.134053 0.0816 0.00202151
0.134282 0.0845687 0.00202971
0.13451 0.0894063 0.00202861
0.134739 0.0912625 0.00202454
0.134967 0.0875188 0.00202372
0.135195 0.0840875 0.00202053
0.135424 0.0872 0.00201837
0.135652 0.0808688 0.00201769
0.135881 0.0803625 0.00202066
0.136109 0.085475 0.00201593
0.136337 0.0836062 0.00200821
0.136566 0.0827313 0.00202252
0.136794 0.0831375 0.00201129
0.137022 0.0842125 0.00201049
0.137251 0.0849812 0.00201163
0.137479 0.0836125 0.00200343
0.137708 0.0809 0.00201324
0.137936 0.0806313 0.00199773
0.138164 0.0803313 0.00200698
0.138393 0.0827313 0.00200114
0.138621 0.0837187 0.00201019
0.13885 0.0825625 0.00200591
0.139078 0.0812125 0.00199137
0.139306 0.0791875 0.00199823
0.139535 0.0785813 0.00199911
0.139763 0.081025 0.0020016
0.139991 0.0807812 0.00199781
0.14022 0.078125 0.00198519
0.140448 0.0824063 0.00199961
0.140677 0.0831 0.00198461
0.140905 0.0792875 0.00199389
0.141133 0.0804437 0.00199281
0.141362 0.0799187 0.00198662
0.14159 0.0777125 0.00200201
0.141818 0.0765312 0.00197431
0.142047 0.0742063 0.00198786
0.142275 0.0796812 0.00198524
0.142504 0.0781687 0.00198685
0.142732 0.0722187 0.00198316
0.14296 0.0748063 0.00197345
0.143189 0.077225 0.00198491
0.143417 0.07695 0.00197177
0.143646 0.0793937 0.00198871
0.143874 0.0774875 0.00198254
0.144102 0.0777063 0.00196864
0.144331 0.0803937 0.00198963
0.144559 0.0765437 0.00196614
0.144787 0.0748063 0.00197386
0.145016 0.07475 0.00197255
0.145244 0.0744563 0.00196687
0.145473 0.07805 0.00197866
0.145701 0.0769875 0.00195925
0.145929 0.0759438 0.001971
0.146158 0.0783188 0.00196023
0.146386 0.075825 0.00196595
0.146615 0.0738188 0.00196626
0.146843 0.0732813 0.0019583
0.147071 0.070675 0.00197204
0.1473 0.07725 0.0019563
0.147528 0.0733125 0.00196249
0.147756 0.0754313 0.00195967
0.147985 0.07345 0.00195128
0.148213 0.074125 0.00196617
0.148442 0.0727063 0.00194861
0.14867 0.069075 0.00195127
0.148898 0.0690937 0.00194661
0.149127 0.0714438 0.00195125
0.149355 0.0739375 0.001966
0.149584 0.0715563 0.00194622
0.149812 0.07165 0.00195048
0.15004 0.0703063 0.00194238
0.150269 0.0703063 0.00195454
0.150497 0.0672062 0.00194654
0.150725 0.0678 0.00194113
0.150954 0.0718562 0.0019489
0.151182 0.0733562 0.00194058
0.151411 0.0713063 0.00194611
0.151639 0.07425 0.00194152
0.151867 0.0704 0.00192644
0.152096 0.0741563 0.00195008
0.152324 0.0694812 0.00192765
0.152553 0.07305 0.00195407
0.152781 0.07005 0.00192734
0.153009 0.0672563 0.00193631
0.153238 0.0656375 0.00193737
0.153466 0.0642 0.00192637
0.153694 0.0637937 0.00193556
0.153923 0.0656125 0.00192158
0.154151 0.0681125 0.00193578
0.15438 0.0684125 0.00192892
0.154608 0.0659562 0.00191889
0.154836 0.0670313 0.00193169
0.155065 0.063725 0.00191836
0.155293 0.0632812 0.00192934
0.155521 0.0636937 0.00192279
0.15575 0.06345 0.00191241
0.155978 0.0653 0.00192958
0.156207 0.0651375 0.00191851
0.156435 0.0619688 0.00191661
0.156663 0.0660437 0.00190644
0.156892 0.067225 0.00192177
0.15712 0.0658688 0.00192341
0.157349 0.0646937 0.00190798
0.157577 0.0647937 0.00191339
0.157805 0.0617313 0.00190224
0.158034 0.0618812 0.00191649
0.158262 0.0619 0.00191259
0.15849 0.0659062 0.00190866
0.158719 0.0615875 0.00190544
0.158947 0.0654562 0.00190889
0.159176 0.0611688 0.00191142
0.159404 0.061175 0.00189348
0.159632 0.0642063 0.00190232
0.159861 0.0644 0.00191203
0.160089 0.063575 0.00189927
0.160318 0.0620812 0.00191181
0.160546 0.063675 0.00189213
0.160774 0.0634062 0.00190214
0.161003 0.0598687 0.0019054
0.161231 0.0606625 0.00189497
0.161459 0.0611063 0.00189995
0.161688 0.0638813 0.00188707
0.161916 0.061275 0.0019006
0.162145 0.0621188 0.00188339
0.162373 0.0571062 0.001894
0.162601 0.0578813 0.00189449
0.16283 0.0592563 0.00189086
0.163058 0.0574687 0.00189073
0.163287 0.058875 0.00187903
0.163515 0.0577937 0.00188521
0.163743 0.0573 0.00189306
0.163972 0.06145 0.00188845
0.1642 0.0614625 0.00189502
0.164428 0.0601438 0.00186722
0.164657 0.0612 0.00188973
0.164885 0.0581562 0.00187458
0.165114 0.0567125 0.00188241
0.165342 0.0590688 0.00187466
0.16557 0.05385 0.00187799
0.165799 0.0550375 0.0018821
0.166027 0.0572 0.00186772
0.166255 0.0567563 0.00187332
0.166484 0.062675 0.00187959
0.166712 0.058525 0.00187489
0.166941 0.0596125 0.00188393
0.167169 0.0603 0.00185381
0.167397 0.05755 0.00187375
0.167626 0.0587188 0.00187436
0.167854 0.0590063 0.0018678
0.168083 0.0568437 0.00187108
0.168311 0.0586687 0.00185003
0.168539 0.0543125 0.00186988
0.168768 0.058675 0.00185946
0.168996 0.0556437 0.00187131
0.169224 0.0553 0.00186248
0.169453 0.0547562 0.00185241
0.169681 0.0546063 0.00187248
0.16991 0.0527125 0.00184962
0.170138 0.0584687 0.00185605
0.170366 0.0579687 0.00186127
0.170595 0.05825 0.00185266
0.170823 0.0557125 0.0018626
0.171052 0.0530438 0.00184621
0.17128 0.0564375 0.00185824
0.171508 0.0562 0.00185059
0.171737 0.0543 0.00185221
0.171965 0.053475 0.00185544
0.172193 0.0543875 0.00184461
0.172422 0.0529063 0.00185481
0.17265 0.0551312 0.00184194
0.172879 0.0528438 0.00184318
0.173107 0.0507187 0.00184442
0.173335 0.0542125 0.00184137
0.173564 0.0566125 0.00185296
0.173792 0.0552812 0.00183724
0.174021 0.0526937 0.00184076
0.174249 0.05155 0.00184026
0.174477 0.0556125 0.00183624
0.174706 0.054475 0.00184077
0.174934 0.0514125 0.00183516
0.175162 0.0495 0.00184001
0.175391 0.050825 0.00183124
0.175619 0.0512813 0.00183599
0.175848 0.050725 0.00183445
0.176076 0.05145 0.00182623
0.176304 0.0502563 0.00184189
0.176533 0.0514438 0.00182913
0.176761 0.05155 0.00183446
0.17699 0.0549625 0.00182941
0.177218 0.0518562 0.00182359
0.177446 0.0503188 0.00183624
0.177675 0.05055 0.00182308
0.177903 0.04745 0.00182868
0.178131 0.048225 0.00182844
0.17836 0.0481125 0.00182948
0.178588 0.05015 0.00182788
0.178817 0.0487062 0.00181976
0.179045 0.051125 0.0018352
0.179273 0.052075 0.0018249
0.179502 0.0496313 0.0018293
0.17973 0.0496062 0.00182441
0.179958 0.0493063 0.00181221
0.180187 0.0497688 0.00183245
0.180415 0.0505937 0.00181916
0.180644 0.0552125 0.00182742
0.180872 0.0536125 0.00182007
0.1811 0.0518 0.00182655
0.181329 0.0489687 0.00181984
0.181557 0.0487187 0.00181598
0.181786 0.0518 0.00181605
0.182014 0.0496625 0.00181816
0.182242 0.0494313 0.00182478
0.182471 0.0509688 0.00181695
0.182699 0.0506062 0.00181337
0.182927 0.0505688 0.00182119
0.183156 0.048425 0.00181406
0.183384 0.0462938 0.00182149
0.183613 0.0442437 0.00180635
0.183841 0.0471688 0.00180686
0.184069 0.0464 0.00181732
0.184298 0.0462938 0.00180714
0.184526 0.0453812 0.00182046
0.184755 0.0491938 0.00180087
0.184983 0.0496125 0.00181433
0.185211 0.0467062 0.00181311
0.18544 0.0478688 0.00180711
0.185668 0.0480438 0.00181256
0.185896 0.0468688 0.0018053
0.186125 0.0454875 0.00181132
0.186353 0.0493 0.00181083
0.186582 0.0511563 0.00179697
0.18681 0.0517 0.00181523
0.187038 0.0447313 0.00179615
0.187267 0.0456375 0.00181066
0.187495 0.04805 0.00179404
0.187724 0.0471 0.00180268
0.187952 0.0459188 0.00180859
0.18818 0.0465313 0.00180235
0.188409 0.0424375 0.00180401
0.188637 0.047225 0.00179144
0.188865 0.0473875 0.00179884
0.189094 0.0458687 0.00180097
0.189322 0.0450375 0.00179554
0.189551 0.04545 0.00179946
0.189779 0.0459688 0.00179043
0.190007 0.0467938 0.0018063
0.190236 0.0488875 0.00179336
0.190464 0.0483813 0.00179206
0.190692 0.0449188 0.00180037
0.190921 0.041075 0.00178879
0.191149 0.0408625 0.00179464
0.191378 0.0445625 0.00178626
0.191606 0.0448 0.00179832
0.191834 0.0448812 0.00179567
0.192063 0.0478625 0.00178896
0.192291 0.0429688 0.00179407
0.19252 0.0482563 0.00177964
0.192748 0.0453812 0.00179494
0.192976 0.0426938 0.00179295
0.193205 0.0396625 0.00177759
0.193433 0.0444625 0.00178613
0.193661 0.0414938 0.00178203
0.19389 0.0421375 0.00179208
0.194118 0.0426687 0.00178584
0.194347 0.0398875 0.00177422
0.194575 0.0429187 0.00178826
0.194803 0.043625 0.00178778
0.195032 0.0442625 0.00178585
0.19526 0.0407 0.00177327
0.195489 0.0381937 0.00177537
0.195717 0.0403125 0.00178589
0.195945 0.0426187 0.00177463
0.196174 0.0399062 0.00178606
0.196402 0.0406938 0.00176724
0.19663 0.0442875 0.00178365
0.196859 0.0433438 0.0017776
0.197087 0.04315 0.00177424
0.197316 0.04225 0.00177487
0.197544 0.0424875 0.00177661
0.197772 0.041 0.0017825
0.198001 0.0430625 0.00176997
0.198229 0.043275 0.00176766
0.198458 0.043875 0.00177162
0.198686 0.0386813 0.00177133
0.198914 0.0392125 0.00177722
0.199143 0.0405875 0.00176439
0.199371 0.0422312 0.00177523
0.199599 0.0390812 0.00177001
0.199828 0.0431812 0.00176726
0.200056 0.0404313 0.00177098
0.200285 0.0384063 0.0017586
0.200513 0.040475 0.00177613
0.200741 0.042325 0.00177156
0.20097 0.041375 0.00177032
0.201198 0.0435875 0.00177068
0.201427 0.0423188 0.00176757
0.201655 0.0388187 0.00177677
0.201883 0.0381187 0.00176659
0.202112 0.0383125 0.00177296
0.20234 0.0383063 0.00176666
0.202568 0.0396813 0.00177112
0.202797 0.0389625 0.00177887
0.203025 0.0374188 0.00175886
0.203254 0.037625 0.00177602
0.203482 0.0385438 0.00177992
0.20371 0.0392687 0.00177236
0.203939 0.0425125 0.00177278
0.204167 0.0405875 0.00177033
0.204395 0.036125 0.00178294
0.204624 0.0366563 0.00177444
0.204852 0.0364937 0.00177791
0.205081 0.0331188 0.00177375
0.205309 0.0384625 0.00177857
0.205537 0.0386063 0.00178204
0.205766 0.0367813 0.00177248
0.205994 0.0397562 0.00177833
0.206223 0.0372938 0.00177803
0.206451 0.0355813 0.00178149
0.206679 0.0349 0.00177947
0.206908 0.0401938 0.00177308
0.207136 0.0376063 0.00178598
0.207364 0.0385563 0.00177647
0.207593 0.0384 0.00178458
0.207821 0.0414438 0.00178192
0.20805 0.0374312 0.00177233
0.208278 0.0361 0.00179674
0.208506 0.0363812 0.00177381
0.208735 0.0402125 0.00179444
0.208963 0.0350063 0.00177522
0.209192 0.0353 0.00177673
0.20942 0.03415 0.00178542
0.209648 0.0372688 0.00177439
0.209877 0.0385438 0.00178685
0.210105 0.0385 0.00178546
0.210333 0.0379562 0.00179055
0.210562 0.0371125 0.00179207
0.21079 0.0350125 0.00176867
0.211019 0.0355063 0.00178915
0.211247 0.035225 0.00177797
0.211475 0.0363438 0.00178738
0.211704 0.0382687 0.00178238
0.211932 0.0366875 0.00177069
0.212161 0.040725 0.00179342
0.212389 0.0374813 0.00177054
0.212617 0.0349875 0.00178283
0.212846 0.0352688 0.00177882
0.213074 0.0381437 0.00177886
0.213302 0.0358438 0.00178538
0.213531 0.0413 0.00177425
0.213759 0.0365813 0.00177527
0.213988 0.03765 0.00177418
0.214216 0.0314938 0.00177501
0.214444 0.035775 0.00178076
0.214673 0.0381563 0.00176699
0.214901 0.0339875 0.00178014
0.215129 0.0399062 0.00177266
0.215358 0.0385375 0.00177639
0.215586 0.0376187 0.00177879
0.215815 0.0364563 0.00176968
0.216043 0.0338125 0.00178492
0.216271 0.03465 0.0017631
0.2165 0.0362625 0.00176864
0.216728 0.0343125 0.00176468
0.216957 0.0301 0.00177283
0.217185 0.0342125 0.00177661
0.217413 0.0326813 0.00176552
0.217642 0.0367437 0.00177107
0.21787 0.0323625 0.00176698
0.218098 0.03005 0.00176607
0.218327 0.0333688 0.00177209
0.218555 0.0352312 0.00175814
0.218784 0.0337688 0.00177238
0.219012 0.0355375 0.00176312
0.21924 0.036025 0.00175972
0.219469 0.0358687 0.00176119
0.219697 0.0329187 0.00176171
0.219926 0.03095 0.00176091
0.220154 0.0327125 0.00175775
0.220382 0.0316688 0.00175521
0.220611 0.03345 0.0017526
0.220839 0.0299875 0.00175795
0.221067 0.0321938 0.00175362
0.221296 0.0310312 0.00175012
0.221524 0.0316 0.00174743
0.221753 0.0312938 0.00175063
0.221981 0.0300125 0.00175286
0.222209 0.03065 0.00174245
0.222438 0.0355188 0.00174071
0.222666 0.0308063 0.00174611
0.222895 0.0345437 0.00174463
0.223123 0.0354312 0.00175227
0.223351 0.0363687 0.00172598
0.22358 0.0339625 0.00173443
0.223808 0.0298313 0.00174191
0.224036 0.03725 0.0017249
0.224265 0.03745 0.00173678
0.224493 0.0336 0.00171364
0.224722 0.031175 0.00173322
0.22495 0.0319813 0.00172134
0.225178 0.0334938 0.00171865
0.225407 0.033625 0.00171912
0.225635 0.032925 0.00170502
0.225864 0.0314875 0.00172036
0.226092 0.03315 0.00170592
0.22632 0.0344875 0.00171089
0.226549 0.0344937 0.00171301
0.226777 0.0371688 0.00171056
0.227005 0.0336562 0.00171522
0.227234 0.0328188 0.00170084
0.227462 0.0282563 0.0017081
0.227691 0.0273938 0.00171564
0.227919 0.0320563 0.00169962
0.228147 0.0341062 0.00171176
0.228376 0.0322687 0.00169745
0.228604 0.0328562 0.00171747
0.228832 0.0308437 0.00170444
0.229061 0.0320438 0.00170643
0.229289 0.029125 0.00170047
0.229518 0.032725 0.00170164
0.229746 0.0357625 0.00171231
0.229974 0.0310125 0.00169947
0.230203 0.0307 0.00170064
0.230431 0.0290313 0.00170887
0.23066 0.0336813 0.00169744
0.230888 0.034 0.00171465
0.231116 0.0341188 0.00168808
0.231345 0.0300937 0.00170485
0.231573 0.02875 0.00170509
0.231801 0.0278625 0.00169574
0.23203 0.0304062 0.00170034
0.232258 0.0279063 0.00168622
0.232487 0.0297 0.00171144
0.232715 0.0323625 0.00169754
0.232943 0.0294438 0.00169862
0.233172 0.0254188 0.00169975
0.2334 0.027425 0.00168628
0.233629 0.0295125 0.00170709
0.233857 0.0294188 0.00169393
0.234085 0.0312687 0.00169484
0.234314 0.02705 0.00170483
0.234542 0.0289125 0.00168713
0.23477 0.03265 0.00169975
0.234999 0.0326875 0.00167967
0.235227 0.0316813 0.00169546
0.235456 0.0316188 0.0016989
0.235684 0.0297625 0.00168728
0.235912 0.0315125 0.00169418
0.236141 0.0316125 0.00168588
0.236369 0.0302375 0.00170186
0.236598 0.0265188 0.00168826
0.236826 0.0263187 0.00168553
0.237054 0.0253937 0.00168869
0.237283 0.0275062 0.00168743
0.237511 0.0292375 0.00169397
0.237739 0.0298437 0.00168235
0.237968 0.02875 0.00168422
0.238196 0.0271875 0.00168872
0.238425 0.031075 0.00169275
0.238653 0.0283063 0.00168891
0.238881 0.0258313 0.00167476
0.23911 0.0270937 0.00168486
0.239338 0.0257125 0.00167967
0.239566 0.0260063 0.00168604
0.239795 0.0269188 0.00168271
0.240023 0.0318375 0.00168175
0.240252 0.0298687 0.00168804
0.24048 0.0274812 0.00167334
0.240708 0.0304125 0.00168433
0.240937 0.0273 0.00168161
0.241165 0.0269625 0.00167983
0.241394 0.0307125 0.00168858
0.241622 0.027775 0.00167624
0.24185 0.0281 0.00167398
0.242079 0.029325 0.00167753
0.242307 0.0291625 0.00168396
0.242535 0.0289438 0.00168295
0.242764 0.0317313 0.00166896
0.242992 0.0267562 0.00168104
0.243221 0.0271312 0.00167092
0.243449 0.0283625 0.00168337
0.243677 0.0272937 0.00167264
0.243906 0.024625 0.00167673
0.244134 0.0244625 0.00168027
0.244363 0.0254875 0.00166186
0.244591 0.03025 0.00167796
0.244819 0.0264625 0.00167147
0.245048 0.0291875 0.00167531
0.245276 0.02645 0.0016774
0.245504 0.0301375 0.00166739
0.245733 0.029075 0.00167475
0.245961 0.0289625 0.00167056
0.24619 0.0263062 0.00167648
0.246418 0.0252125 0.00166892
0.246646 0.024075 0.00166246
0.246875 0.0281813 0.00167995
0.247103 0.0253875 0.001665
0.247332 0.0298813 0.00167175
0.24756 0.0296812 0.00166801
0.247788 0.0272812 0.00166711
0.248017 0.02665 0.00168103
0.248245 0.0244688 0.00165541
0.248473 0.0293188 0.00167272
0.248702 0.028 0.00166289
0.24893 0.027925 0.00166614
0.249159 0.0258062 0.00167536
0.249387 0.02575 0.00165997
0.249615 0.0251563 0.00167177
0.249844 0.0228812 0.00165964
0.250072 0.0232562 0.00166927
0.250301 0.0274563 0.00166623
0.250529 0.0238438 0.00165259
0.250757 0.0240687 0.00167341
0.250986 0.0257313 0.00165982
0.251214 0.0223625 0.00166617
0.251442 0.0215125 0.00165769
0.251671 0.022975 0.00165735
0.251899 0.0257687 0.00167127
0.252128 0.0264062 0.00165541
0.252356 0.0291 0.00166268
0.252584 0.0295688 0.00166235
0.252813 0.0281313 0.0016648
0.253041 0.0251812 0.00166533
0.253269 0.0240375 0.0016481
0.253498 0.0250625 0.00166082
0.253726 0.0231625 0.00165426
0.253955 0.0301625 0.00166209
0.254183 0.0250187 0.00166323
0.254411 0.0267375 0.00165025
0.25464 0.0233688 0.00166094
0.254868 0.0228375 0.00165491
0.255097 0.0264813 0.00165873
0.255325 0.024275 0.00165149
0.255553 0.0251437 0.00165681
0.255782 0.0244812 0.001658
0.25601 0.0240563 0.00164768
0.256238 0.0241312 0.00165731
0.256467 0.0280313 0.00165061
0.256695 0.0235437 0.00166036
0.256924 0.023575 0.00165536
0.257152 0.0227 0.00164307
0.25738 0.0266125 0.0016577
0.257609 0.0235813 0.00164806
0.257837 0.0225438 0.00165798
0.258066 0.0232187 0.00164567
0.258294 0.024325 0.00164609
0.258522 0.0224375 0.00165196
0.258751 0.0240938 0.00164803
0.258979 0.0253062 0.00165582
0.259207 0.02435 0.00163939
0.259436 0.0254813 0.0016542
0.259664 0.0230625 0.00165853
0.259893 0.0245313 0.0016414
0.260121 0.0242125 0.00165311
0.260349 0.0212437 0.00163851
0.260578 0.0190813 0.00165412
0.260806 0.0232125 0.00164638
0.261035 0.0249438 0.0016427
0.261263 0.0225 0.00164624
0.261491 0.0217 0.00164166
0.26172 0.0237937 0.00165362
0.261948 0.0234 0.00163607
0.262176 0.0241375 0.00164302
0.262405 0.0218813 0.00164624
0.262633 0.0221688 0.00164528
0.262862 0.0242375 0.00164759
0.26309 0.021375 0.00163117
0.263318 0.0219062 0.00164577
0.263547 0.0220125 0.00164594
0.263775 0.023725 0.00163801
0.264003 0.0223125 0.00164651
0.264232 0.022925 0.00163523
0.26446 0.0211625 0.00164539
0.264689 0.0240938 0.00163794
0.264917 0.02535 0.00163704
0.265145 0.022775 0.00164397
0.265374 0.0211812 0.00163771
0.265602 0.024975 0.00165138
0.265831 0.0239 0.00162878
0.266059 0.0225625 0.00163806
0.266287 0.0253625 0.0016446
0.266516 0.0222812 0.00164096
0.266744 0.0230813 0.00164081
0.266972 0.0274187 0.00162656
0.267201 0.0198 0.00163759
0.267429 0.017175 0.00164098
0.267658 0.019775 0.00163639
0.267886 0.0234125 0.0016348
0.268114 0.023875 0.00163333
0.268343 0.0233875 0.00164559
0.268571 0.022475 0.0016312
0.2688 0.0229125 0.00163526
0.269028 0.0218687 0.00163583
0.269256 0.0211125 0.00162982
0.269485 0.0221313 0.00164994
0.269713 0.0236813 0.00162535
0.269941 0.0202125 0.00163506
0.27017 0.0218062 0.00163231
0.270398 0.0214188 0.00163299
0.270627 0.0225875 0.00164014
0.270855 0.0243625 0.00162509
0.271083 0.0224437 0.00163771
0.271312 0.0238937 0.00162987
0.27154 0.026975 0.00163712
0.271769 0.028725 0.00163426
0.271997 0.0244938 0.00162091
0.272225 0.0256938 0.00164507
0.272454 0.0229625 0.00162282
0.272682 0.0201563 0.00163253
0.27291 0.0241312 0.00162934
0.273139 0.0259312 0.00163049
0.273367 0.0245313 0.00164089
0.273596 0.0202438 0.00161935
0.273824 0.020525 0.00163049
0.274052 0.0219375 0.00162823
0.274281 0.0242875 0.00163065
0.274509 0.0211313 0.00162924
0.274737 0.0221812 0.00162014
0.274966 0.0235563 0.00163863
0.275194 0.022675 0.0016245
0.275423 0.0183625 0.00162887
0.275651 0.0196438 0.00161941
0.275879 0.0188875 0.00162316
0.276108 0.021925 0.00163813
0.276336 0.0202188 0.00161954
0.276565 0.02195 0.00162348
0.276793 0.0228563 0.00162534
0.277021 0.0210562 0.00161951
0.27725 0.0226312 0.00163649
0.277478 0.02345 0.00161442
0.277706 0.0223 0.00162941
0.277935 0.0215688 0.00162015
0.278163 0.0225062 0.00162408
0.278392 0.0226813 0.00162665
0.27862 0.02365 0.00161502
0.278848 0.0248125 0.00163019
0.279077 0.0221688 0.0016215
0.279305 0.0227187 0.00162676
0.279534 0.0229437 0.00162146
0.279762 0.021975 0.00161449
0.27999 0.0233437 0.00163269
0.280219 0.0210688 0.00161599
0.280447 0.020475 0.00162441
0.280675 0.0203438 0.00161701
0.280904 0.02255 0.00162369
0.281132 0.0219312 0.00162709
0.281361 0.0215688 0.00161496
0.281589 0.0210375 0.00162513
0.281817 0.0194938 0.00161719
0.282046 0.0241813 0.00162407
0.282274 0.0218875 0.00161951
0.282503 0.02055 0.00161808
0.282731 0.0184375 0.00162506
0.282959 0.018575 0.00161483
0.283188 0.0198938 0.0016223
0.283416 0.0175812 0.00161499
0.283644 0.0202 0.00161689
0.283873 0.0192438 0.00162459
0.284101 0.0205563 0.00161207
0.28433 0.02045 0.00161983
0.284558 0.02025 0.00161609
0.284786 0.0221063 0.00162845
0.285015 0.0243188 0.00161801
0.285243 0.0221438 0.00161344
0.285472 0.0172125 0.00161764
0.2857 0.0218938 0.00161314
0.285928 0.0198625 0.00162297
0.286157 0.0193625 0.00161121
0.286385 0.0242875 0.00161738
0.286613 0.021275 0.00161779
0.286842 0.022725 0.00161452
0.28707 0.0242438 0.00162059
0.287299 0.022275 0.00161056
0.287527 0.0187812 0.00161711
0.287755 0.0204938 0.00161862
0.287984 0.02165 0.00160834
0.288212 0.0160062 0.00161743
0.28844 0.0183188 0.00160878
0.288669 0.0201188 0.00161766
0.288897 0.0183062 0.00161567
0.289126 0.0193375 0.00160308
0.289354 0.0212188 0.00162246
0.289582 0.0257 0.00160267
0.289811 0.0217875 0.00162316
0.290039 0.0202188 0.00160526
0.290268 0.020325 0.0016146
0.290496 0.0196875 0.0016193
0.290724 0.0227187 0.00160806
0.290953 0.0222125 0.00161743
0.291181 0.0244688 0.00160152
0.291409 0.0236813 0.00161597
0.291638 0.019625 0.00161759
0.291866 0.015275 0.00160519
0.292095 0.0128 0.00161492
0.292323 0.0159625 0.00160122
0.292551 0.0171812 0.00161279
0.29278 0.018925 0.00160947
0.293008 0.0208 0.00160169
0.293237 0.0218062 0.001618
0.293465 0.0198187 0.00160524
0.293693 0.0217 0.00161441
0.293922 0.0209937 0.00160374
0.29415 0.0217187 0.00160974
0.294378 0.0174125 0.00161308
0.294607 0.017375 0.00160234
0.294835 0.017875 0.00161352
0.295064 0.0196875 0.00159943
0.295292 0.0189 0.00161391
0.29552 0.0199688 0.00161235
0.295749 0.019375 0.00160238
0.295977 0.020575 0.00161371
0.296206 0.0183563 0.00159977
0.296434 0.01835 0.00161166
0.296662 0.0223375 0.00160542
0.296891 0.0203063 0.00159984
0.297119 0.0200375 0.00160664
0.297347 0.0184312 0.00160421
0.297576 0.02245 0.00161396
0.297804 0.0206625 0.00160367
0.298033 0.0191562 0.00160159
0.298261 0.0178 0.00160331
0.298489 0.0216875 0.00160245
0.298718 0.0169187 0.00160751
0.298946 0.0164875 0.00159977
0.299174 0.016925 0.00160388
0.299403 0.0187125 0.00160394
0.299631 0.0210313 0.00160052
0.29986 0.0171437 0.00160406
0.300088 0.0165437 0.00160631
0.300316 0.0166625 0.00160676
0.300545 0.021975 0.00159785
0.300773 0.0204125 0.00160311
0.301002 0.0178813 0.00160378
0.30123 0.0203875 0.00160346
0.301458 0.019475 0.00160869
0.301687 0.0180438 0.00158798
0.301915 0.0191125 0.00160808
0.302143 0.0178125 0.00160226
0.302372 0.0196937 0.00159664
0.3026 0.0230813 0.00160822
0.302829 0.0243375 0.00159291
0.303057 0.0219062 0.00160915
0.303285 0.0170562 0.00159914
0.303514 0.0172875 0.00159946
0.303742 0.020925 0.00159995
0.303971 0.0207125 0.00159521
0.304199 0.0175125 0.00161024
0.304427 0.0206625 0.00159134
0.304656 0.0204313 0.0015967
0.304884 0.01815 0.00160504
0.305112 0.0192 0.00159416
0.305341 0.0170063 0.00160453
0.305569 0.0186312 0.00158664
0.305798 0.017125 0.00159961
0.306026 0.0164313 0.00159839
0.306254 0.0162312 0.00159643
0.306483 0.0188563 0.00159447
0.306711 0.0197562 0.00159062
0.30694 0.0168562 0.00160149
0.307168 0.0179937 0.00159868
0.307396 0.0167875 0.00159911
0.307625 0.0169875 0.00159419
0.307853 0.0172563 0.00159071
0.308081 0.0161375 0.00160026
0.30831 0.0196875 0.00159259
0.308538 0.0191937 0.00159595
0.308767 0.0180813 0.00159901
0.308995 0.0176437 0.00159177
0.309223 0.0182563 0.00159723
0.309452 0.0158187 0.00158628
0.30968 0.0155375 0.00159954
0.309909 0.0165125 0.00159291
0.310137 0.0187187 0.00159759
0.310365 0.0182187 0.00159053
0.310594 0.0180813 0.00159107
0.310822 0.0144437 0.00160109
0.31105 0.0162312 0.00159086
0.311279 0.0156 0.00159521
0.311507 0.0175063 0.00159184
0.311736 0.0186625 0.00159327
0.311964 0.0179813 0.00160216
0.312192 0.0192187 0.00158003
0.312421 0.0223062 0.00159791
0.312649 0.0194563 0.00159394
0.312877 0.0207 0.00159554
0.313106 0.0206813 0.00159698
0.313334 0.0187562 0.00158337
0.313563 0.0214 0.00159634
0.313791 0.0200375 0.00158485
0.314019 0.0205313 0.00160059
0.314248 0.02075 0.00159493
0.314476 0.0195188 0.00158551
0.314705 0.022275 0.00160104
0.314933 0.0202188 0.00158524
0.315161 0.02245 0.00159162
0.31539 0.0202188 0.00158873
0.315618 0.0178375 0.00158764
0.315846 0.0181875 0.00160106
0.316075 0.018425 0.00158074
0.316303 0.0175812 0.00159358
0.316532 0.0195125 0.00158445
0.31676 0.018125 0.00159074
0.316988 0.01735 0.00159501
0.317217 0.020175 0.00158153
0.317445 0.016425 0.0015983
0.317674 0.0189375 0.00158603
0.317902 0.0192937 0.00159348
0.31813 0.0167687 0.00159058
0.318359 0.0148313 0.00158115
0.318587 0.0163438 0.00160033
0.318815 0.0194938 0.00158166
0.319044 0.02165 0.00159152
0.319272 0.0188875 0.00158166
0.319501 0.0184437 0.00158811
0.319729 0.0155812 0.00159467
0.319957 0.0178312 0.00158239
0.320186 0.0168625 0.00158922
0.320414 0.014525 0.00158229
0.320643 0.0162875 0.0015857
0.320871 0.0199313 0.00159268
0.321099 0.0187125 0.00157932
0.321328 0.0189313 0.00159266
0.321556 0.0189938 0.00158209
0.321784 0.0181812 0.00158833
0.322013 0.0174937 0.00158099
0.322241 0.0143125 0.00157993
0.32247 0.0138812 0.00158797
0.322698 0.0172687 0.00158293
0.322926 0.01425 0.00158514
0.323155 0.0170625 0.00158259
0.323383 0.01565 0.00158338
0.323611 0.0139375 0.00158837
0.32384 0.0143938 0.00157771
0.324068 0.0146375 0.00158551
0.324297 0.0160812 0.00157929
0.324525 0.0182812 0.00158677
0.324753 0.0173687 0.00158545
0.324982 0.0167687 0.00157596
0.32521 0.016275 0.00158639
0.325439 0.016875 0.00157686
0.325667 0.0159563 0.00159168
0.325895 0.0202375 0.00157617
0.326124 0.0177313 0.00158337
0.326352 0.0151938 0.00158359
0.32658 0.0144375 0.00158011
0.326809 0.019325 0.00158552
0.327037 0.0166188 0.00157318
0.327266 0.0162687 0.00158873
0.327494 0.0151562 0.00158095
0.327722 0.0156687 0.00157442
0.327951 0.0164438 0.00158627
0.328179 0.0157813 0.00157228
0.328408 0.0163 0.00158963
0.328636 0.0148688 0.00157814
0.328864 0.0149875 0.00157682
0.329093 0.0159 0.00158455
0.329321 0.01795 0.00157359
0.329549 0.0138 0.0015851
0.329778 0.0146187 0.00157019
0.330006 0.0173813 0.00158377
0.330235 0.0166563 0.00158268
0.330463 0.01685 0.00157639
0.330691 0.016825 0.00158008
0.33092 0.0137375 0.0015664
0.331148 0.0161312 0.00158807
0.331377 0.0159875 0.0015823
0.331605 0.0167813 0.00157242
0.331833 0.0167563 0.00157721
0.332062 0.01845 0.00157468
0.33229 0.021375 0.00158979
0.332518 0.0184875 0.00157685
0.332747 0.0149187 0.00157861
0.332975 0.0161062 0.00158582
0.333204 0.0142813 0.00157531
0.333432 0.0171125 0.00158647
0.33366 0.0173813 0.00156819
0.333889 0.0131437 0.00158217
0.334117 0.0136437 0.00158417
0.334346 0.0154062 0.00157263
0.334574 0.015825 0.00158807
0.334802 0.0152 0.00156826
0.335031 0.01675 0.00159033
0.335259 0.016225 0.00158022
0.335487 0.0144187 0.00157511
0.335716 0.0167188 0.00158397
0.335944 0.01565 0.00157204
0.336173 0.0129875 0.00158821
0.336401 0.0146625 0.00157343
0.336629 0.0133063 0.00157899
0.336858 0.0165437 0.00158497
0.337086 0.0134 0.00157331
0.337314 0.0135312 0.00158717
0.337543 0.0138563 0.00156606
0.337771 0.0153375 0.00158074
0.338 0.0151 0.00158495
0.338228 0.0161062 0.00157759
0.338456 0.015225 0.00158595
0.338685 0.0129 0.00157279
0.338913 0.0121625 0.00158216
0.339142 0.0128813 0.00157655
0.33937 0.01495 0.00157488
0.339598 0.0140625 0.00158268
0.339827 0.014825 0.00158041
0.340055 0.01625 0.00158617
0.340283 0.0170313 0.00157151
0.340512 0.01895 0.00158163
0.34074 0.0175313 0.00158337
0.340969 0.0173687 0.00158052
0.341197 0.0160437 0.0015871
0.341425 0.0197063 0.00157077
0.341654 0.016625 0.00158323
0.341882 0.0117562 0.00157584
0.342111 0.0124937 0.00158321
0.342339 0.01245 0.00158051
0.342567 0.0131375 0.00157752
0.342796 0.0144312 0.00158687
0.343024 0.0174875 0.00157584
0.343252 0.0159313 0.00158032
0.343481 0.0133688 0.00157989
0.343709 0.0154562 0.00158172
0.343938 0.0176063 0.00158824
0.344166 0.016625 0.00157197
0.344394 0.0151813 0.00158511
0.344623 0.0153 0.00157772
0.344851 0.0153063 0.00158403
0.34508 0.0146625 0.00158356
0.345308 0.0154875 0.00157467
0.345536 0.0130188 0.00158717
0.345765 0.0136875 0.00157677
0.345993 0.0134062 0.00158222
0.346221 0.015625 0.00157843
0.34645 0.0164812 0.00157773
0.346678 0.014375 0.00159191
0.346907 0.0146125 0.00157304
0.347135 0.0160125 0.00158392
0.347363 0.016325 0.00157964
0.347592 0.01415 0.00158005
0.34782 0.0123438 0.00159089
0.348048 0.0110875 0.00157173
0.348277 0.0138937 0.00158794
0.348505 0.0152312 0.00157681
0.348734 0.0150188 0.00158424
0.348962 0.0158187 0.00158569
0.34919 0.0167875 0.00157082
0.349419 0.0172437 0.00159428
0.349647 0.014375 0.00157719
0.349876 0.0132187 0.00158723
0.350104 0.0154687 0.00158139
0.350332 0.0167312 0.00157307
0.350561 0.0123313 0.00159315
0.350789 0.0134125 0.00157639
0.351017 0.0131188 0.00158594
0.351246 0.0149625 0.00158006
0.351474 0.014175 0.00158211
0.351703 0.0171687 0.00158884
0.351931 0.017925 0.00157987
0.352159 0.0160313 0.00158696
0.352388 0.016525 0.00158043
0.352616 0.0148188 0.00158549
0.352845 0.0157688 0.00158902
0.353073 0.0167813 0.00157549
0.353301 0.0150437 0.00159154
0.35353 0.01685 0.00158298
0.353758 0.0182812 0.00159156
0.353986 0.0174625 0.00158482
0.354215 0.0139437 0.00158416
0.354443 0.014325 0.00158798
0.354672 0.016475 0.00158266
0.3549 0.0154188 0.00158706
0.355128 0.015275 0.00158793
0.355357 0.0111125 0.00159039
0.355585 0.0114813 0.00158926
0.355814 0.010075 0.00157499
0.356042 0.0133937 0.00158819
0.35627 0.01425 0.00158637
0.356499 0.0143125 0.00159311
0.356727 0.0122562 0.0015944
0.356955 0.0169187 0.00157672
0.357184 0.0148188 0.00159306
0.357412 0.0147312 0.00158462
0.357641 0.01405 0.00158954
0.357869 0.0144187 0.0015864
0.358097 0.017375 0.00158906
0.358326 0.015175 0.00159512
0.358554 0.0148625 0.00158449
0.358783 0.015725 0.00159103
0.359011 0.00998125 0.00158744
0.359239 0.0117188 0.00158897
0.359468 0.0146938 0.00159802
0.359696 0.0136437 0.00157717
0.359924 0.0150937 0.00159226
0.360153 0.0134375 0.00158647
0.360381 0.015875 0.00159972
0.36061 0.0127125 0.00158943
0.360838 0.0122313 0.00158533
0.361066 0.0141438 0.00159987
0.361295 0.013 0.00158666
0.361523 0.0114438 0.00159464
0.361751 0.0129563 0.00158588
0.36198 0.0135375 0.00159241
0.362208 0.01285 0.00159957
0.362437 0.0146812 0.00159057
0.362665 0.0132375 0.00159498
0.362893 0.01255 0.00158755
0.363122 0.0113875 0.0015966
0.36335 0.0116188 0.00159491
0.363579 0.0107875 0.00158576
0.363807 0.010975 0.0015985
0.364035 0.011125 0.00158783
0.364264 0.0119 0.00159604
0.364492 0.0125875 0.00159354
0.36472 0.0120438 0.00159048
0.364949 0.0123438 0.00160024
0.365177 0.0135062 0.00159728
0.365406 0.0143187 0.00159319
0.365634 0.0128938 0.00159002
0.365862 0.0139625 0.0015975
0.366091 0.015125 0.00159955
0.366319 0.0143438 0.00159588
0.366548 0.0127 0.00158934
0.366776 0.0133437 0.00159662
0.367004 0.0138937 0.001597
0.367233 0.0128625 0.00160052
0.367461 0.0163375 0.00159721
0.367689 0.0130437 0.00159863
0.367918 0.0110312 0.00160181
0.368146 0.01355 0.00159981
0.368375 0.015775 0.00159896
0.368603 0.0155438 0.00159426
0.368831 0.011775 0.0015999
0.36906 0.0121063 0.00160376
0.369288 0.0149187 0.00159941
0.369517 0.0118812 0.00160102
0.369745 0.0131813 0.00160096
0.369973 0.013075 0.00160157
0.370202 0.016125 0.00160266
0.37043 0.0147187 0.00160049
0.370658 0.0126687 0.00159968
0.370887 0.0123875 0.00160891
0.371115 0.0119437 0.00159884
0.371344 0.0113188 0.00160146
0.371572 0.00874375 0.00160096
0.3718 0.014825 0.00160856
0.372029 0.0142875 0.00160914
0.372257 0.01575 0.00160089
0.372485 0.0143438 0.00160329
0.372714 0.0122188 0.00159904
0.372942 0.012525 0.00160865
0.373171 0.0101312 0.00160711
0.373399 0.010475 0.00159953
0.373627 0.0090375 0.00160776
0.373856 0.00830625 0.00160786
0.374084 0.0112375 0.00160199
0.374313 0.0140375 0.00160666
0.374541 0.0124875 0.00160644
0.374769 0.0126062 0.00161462
0.374998 0.0102375 0.00160682
0.375226 0.0109687 0.00160405
0.375454 0.0123687 0.00160741
0.375683 0.0122188 0.00160929
0.375911 0.0122938 0.00161312
0.37614 0.0110188 0.00160732
0.376368 0.0098 0.00160661
0.376596 0.0104937 0.00160881
0.376825 0.0164625 0.0016172
0.377053 0.0160938 0.00161223
0.377282 0.0140875 0.00161006
0.37751 0.014 0.00161194
0.377738 0.0144437 0.00161644
0.377967 0.0113 0.00161014
0.378195 0.0120313 0.00160818
0.378423 0.0115438 0.00161124
0.378652 0.0128375 0.00161475
0.37888 0.0117625 0.00161827
0.379109 0.0102437 0.0016116
0.379337 0.00836875 0.00161239
0.379565 0.0105062 0.0016172
0.379794 0.0104437 0.00161559
0.380022 0.0099375 0.00161332
0.380251 0.0102437 0.00161608
0.380479 0.0107688 0.00162037
0.380707 0.00846875 0.00162316
0.380936 0.0112125 0.0016144
0.381164 0.01205 0.00161605
0.381392 0.0111188 0.00161987
0.381621 0.0134188 0.00162138
0.381849 0.01035 0.0016183
0.382078 0.0107812 0.00161934
0.382306 0.00824375 0.00161764
0.382534 0.0112625 0.00162393
0.382763 0.0112125 0.00161666
0.382991 0.0090625 0.00161834
0.38322 0.00925 0.00162078
0.383448 0.0118563 0.00162246
0.383676 0.0139625 0.00162569
0.383905 0.0148813 0.00162224
0.384133 0.01115 0.00161833
0.384361 0.00925625 0.00162623
0.38459 0.00910625 0.00162651
0.384818 0.0115875 0.00162254
0.385047 0.011475 0.00162191
0.385275 0.0104875 0.00162431
0.385503 0.00893125 0.00162526
0.385732 0.0110188 0.00162549
0.38596 0.0120562 0.00162682
0.386188 0.0116625 0.0016308
0.386417 0.0143313 0.00163067
0.386645 0.0161188 0.00163288
0.386874 0.012575 0.00162937
0.387102 0.011025 0.00162889
0.38733 0.0112125 0.00163017
0.387559 0.01125 0.00163062
0.387787 0.0114875 0.00163352
0.388016 0.0095875 0.00163032
0.388244 0.00759375 0.00163255
0.388472 0.0087 0.00163748
0.388701 0.01065 0.00163049
0.388929 0.0104875 0.00163646
0.389157 0.0086625 0.00163166
0.389386 0.00909375 0.00163656
0.389614 0.00869375 0.00163351
0.389843 0.0079375 0.00163269
0.390071 0.00883125 0.00163751
0.390299 0.0086 0.00163961
0.390528 0.0122188 0.00163813
0.390756 0.0086375 0.00163444
0.390985 0.00919375 0.00163948
0.391213 0.0130063 0.00164309
0.391441 0.0107937 0.00164044
0.39167 0.01075 0.00163756
0.391898 0.0142063 0.00164409
0.392126 0.01465 0.00164759
0.392355 0.01075 0.0016449
0.392583 0.0116562 0.00164177
0.392812 0.0127187 0.00164249
0.39304 0.0123438 0.0016469
0.393268 0.0104875 0.00165092
0.393497 0.0106687 0.00164467
0.393725 0.011775 0.00164296
0.393954 0.0105813 0.00164891
0.394182 0.0112812 0.00164905
0.39441 0.0100875 0.00164845
0.394639 0.00658125 0.00164409
0.394867 0.00395625 0.00164473
0.395095 0.00715625 0.00165079
0.395324 0.00841875 0.00165059
0.395552 0.00878125 0.0016523
0.395781 0.010825 0.00165354
0.396009 0.00993125 0.00165902
0.396237 0.0103375 0.00165896
0.396466 0.0108 0.00164948
0.396694 0.0115687 0.00165372
0.396922 0.00991875 0.00165757
0.397151 0.0102375 0.001657
0.397379 0.006825 0.00166421
0.397608 0.0088375 0.00165915
0.397836 0.0094625 0.00166055
0.398064 0.0114 0.00166233
0.398293 0.0123687 0.00166078
0.398521 0.010175 0.00165895
0.39875 0.0095625 0.00166373
0.398978 0.0108813 0.00166779
0.399206 0.0074625 0.00166289
0.399435 0.010825 0.00166025
0.399663 0.0128562 0.00167032
0.399891 0.0141688 0.00167359
0.40012 0.0124187 0.00166759
0.400348 0.00954375 0.00166704
0.400577 0.0089125 0.00166772
0.400805 0.0107812 0.00166982
0.401033 0.0108875 0.00167184
0.401262 0.009575 0.00166834
0.40149 0.00678125 0.00167079
0.401719 0.0073625 0.00167586
0.401947 0.008675 0.00167704
0.402175 0.0101563 0.00166953
0.402404 0.00983125 0.00166932
0.402632 0.010225 0.00168147
0.40286 0.01035 0.00168003
0.403089 0.00886875 0.00167959
0.403317 0.011625 0.00167537
0.403546 0.011575 0.00167931
0.403774 0.0100187 0.00167931
0.404002 0.0091375 0.00167928
0.404231 0.0100187 0.00167742
0.404459 0.0074875 0.00168185
0.404688 0.00813125 0.00168372
0.404916 0.0095125 0.00168778
0.405144 0.0127375 0.00167938
0.405373 0.01445 0.00168268
0.405601 0.0109312 0.00168624
0.405829 0.0119875 0.00169072
0.406058 0.0108 0.00168802
0.406286 0.0114625 0.00168351
0.406515 0.0139625 0.00168835
0.406743 0.0121125 0.00169973
0.406971 0.0129313 0.00169407
0.4072 0.0128562 0.00169306
0.407428 0.0101187 0.00169246
0.407657 0.010075 0.00169381
0.407885 0.00809375 0.00169066
0.408113 0.011375 0.00168743
0.408342 0.00998125 0.00170131
0.40857 0.0115687 0.00170053
0.408798 0.00991875 0.00170256
0.409027 0.0113563 0.00169859
0.409255 0.0132625 0.00169665
0.409484 0.0145813 0.00170447
0.409712 0.0145875 0.0017103
