0.0286 0.745425
0.0289 0.740115
0.0293 0.739174
0.0295 0.738826
0.0299 0.733439
0.0299 0.724739
0.0299 0.720459
0.0300 0.724275
0.0302 0.73214
0.0302 0.715426
0.0308 0.709956
0.0308 0.709956
0.0310 0.705468
0.0310 0.693404
0.0311 0.704967
0.0311 0.701035
0.0315 0.700006
0.0315 0.69605
0.0315 0.69605
0.0315 0.692202
0.0315 0.688362
0.0317 0.707022
0.0319 0.698835
0.0319 0.698835
0.0319 0.698835
0.0319 0.698835
0.0319 0.698835
0.0319 0.698835
0.0319 0.695092
0.0326 0.699709
0.0326 0.699709
0.0326 0.681669
0.0326 0.678087
0.0326 0.663652
0.0326 0.663652
0.0330 0.687578
0.0332 0.686852
0.0332 0.686852
0.0332 0.672882
0.0337 0.650799
0.0337 0.650799
0.0337 0.647449
0.0339 0.63708
0.0341 0.630085
0.0345 0.610096
0.0345 0.610096
0.0345 0.610096
0.0345 0.610096
0.0347 0.629084
0.0347 0.629084
0.0347 0.616387
0.0347 0.616387
0.0347 0.613121
0.0350 0.628273
0.0350 0.622061
0.0354 0.609111
0.0354 0.605974
0.0354 0.602932
0.0354 0.587722
0.0354 0.587722
0.0358 0.623369
0.0358 0.608476
0.0358 0.608476
0.0358 0.602422
0.0362 0.610656
0.0362 0.610656
0.0369 0.5806
0.0369 0.57219
0.0369 0.57219
0.0378 0.557766
0.0380 0.557617
0.0382 0.554837
0.0382 0.552219
0.0386 0.546786
0.0386 0.546786
0.0388 0.544112
0.0389 0.541465
0.0391 0.53877
0.0395 0.528702
0.0397 0.535895
0.0397 0.531046
0.0397 0.528624
0.0397 0.526203
0.0401 0.528397
0.0401 0.528397
0.0401 0.528397
0.0402 0.5259
0.0402 0.523545
0.0404 0.525761
0.0404 0.525761
0.0406 0.525597
0.0406 0.525597
0.0417 0.506666
0.0417 0.497835
0.0417 0.497835
0.0417 0.497835
0.0417 0.497835
0.0417 0.497835
0.0425 0.491184
0.0427 0.486868
0.0428 0.486819
0.0428 0.482659
0.0428 0.478506
0.0428 0.478506
0.0436 0.470402
0.0438 0.472404
0.0438 0.472404
0.0438 0.46836
0.0440 0.46837
0.0445 0.456693
0.0445 0.456693
0.0445 0.456693
0.0447 0.456784
0.0449 0.454862
0.0451 0.451132
0.0453 0.447444
0.0454 0.443804
0.0456 0.440149
0.0456 0.440149
0.0456 0.434656
0.0460 0.427627
0.0460 0.427627
0.0462 0.424201
0.0464 0.42082
0.0466 0.417422
0.0466 0.417422
0.0466 0.417422
0.0467 0.426399
0.0467 0.414122
0.0473 0.409566
0.0475 0.41314
0.0477 0.413294
0.0477 0.411615
0.0479 0.415097
0.0484 0.405574
0.0490 0.396416
0.0490 0.396416
0.0492 0.393392
0.0492 0.393392
0.0495 0.387526
0.0499 0.381747
0.0499 0.378687
0.0499 0.378687
0.0503 0.373081
0.0503 0.373081
0.0505 0.377883
0.0505 0.376376
0.0505 0.370345
0.0514 0.373006
0.0516 0.363116
0.0516 0.360251
0.0516 0.35738
0.0519 0.374966
0.0519 0.370721
0.0521 0.368091
0.0521 0.36244
0.0525 0.367063
0.0525 0.357337
0.0527 0.36586
0.0527 0.360324
0.0527 0.360324
0.0527 0.360324
0.0527 0.360324
0.0529 0.363265
0.0531 0.360731
0.0534 0.353035
0.0534 0.353035
0.0536 0.34794
0.0538 0.342876
0.0538 0.342876
0.0544 0.335867
0.0545 0.334873
0.0549 0.332897
0.0555 0.326226
0.0558 0.321883
0.0560 0.319752
0.0560 0.319752
0.0566 0.318267
0.0566 0.309896
0.0570 0.323547
0.0570 0.323547
0.0570 0.322373
0.0570 0.318845
0.0570 0.317669
0.0570 0.315314
0.0570 0.315314
0.0573 0.324051
0.0575 0.321937
0.0577 0.319874
0.0579 0.317827
0.0584 0.312897
0.0586 0.313142
0.0588 0.311174
0.0588 0.311174
0.0590 0.309219
0.0590 0.305906
0.0590 0.303711
0.0596 0.298042
0.0596 0.298042
0.0596 0.298042
0.0599 0.294339
0.0599 0.294339
0.0603 0.290731
0.0607 0.287164
0.0607 0.287164
0.0610 0.283689
0.0614 0.280251
0.0618 0.274877
0.0618 0.274877
0.0620 0.273232
0.0620 0.273232
0.0622 0.271606
0.0623 0.270977
0.0627 0.269699
0.0629 0.268112
0.0631 0.267499
0.0631 0.266539
0.0631 0.266539
0.0633 0.267841
0.0633 0.266889
0.0635 0.267228
0.0636 0.264706
0.0636 0.262821
0.0636 0.26094
0.0638 0.265045
0.0640 0.264445
0.0646 0.265399
0.0646 0.265399
0.0646 0.263571
0.0649 0.265997
0.0649 0.265997
0.0651 0.260887
0.0655 0.26059
0.0655 0.257922
0.0657 0.261775
0.0657 0.261775
0.0659 0.259426
0.0659 0.259426
0.0659 0.258545
0.0662 0.253031
0.0664 0.255965
0.0664 0.255965
0.0664 0.255965
0.0668 0.257407
0.0668 0.255679
0.0675 0.252606
0.0675 0.252606
0.0675 0.248401
0.0677 0.253719
0.0677 0.252887
0.0679 0.253165
0.0683 0.252877
0.0685 0.251491
0.0687 0.250945
0.0687 0.250945
0.0687 0.250945
0.0688 0.247161
0.0694 0.2448
0.0700 0.240907
0.0700 0.236211
0.0700 0.236211
0.0701 0.234964
0.0703 0.233728
0.0703 0.230624
0.0703 0.229855
0.0705 0.228645
0.0709 0.229297
0.0709 0.229297
0.0709 0.223189
0.0709 0.22243
0.0711 0.23341
0.0711 0.232636
0.0711 0.230371
0.0711 0.228086
0.0711 0.225066
0.0711 0.225066
0.0713 0.235954
0.0713 0.234451
0.0714 0.236228
0.0714 0.235479
0.0716 0.238741
0.0716 0.237237
0.0716 0.237237
0.0720 0.237744
0.0720 0.227406
0.0722 0.23358
0.0722 0.232115
0.0722 0.231382
0.0722 0.231382
0.0722 0.23065
0.0722 0.229167
0.0722 0.229167
0.0729 0.233159
0.0733 0.232228
0.0733 0.232228
0.0737 0.228474
0.0737 0.22705
0.0739 0.22733
0.0739 0.22733
0.0744 0.221845
0.0744 0.219777
0.0744 0.219777
0.0748 0.217587
0.0752 0.214081
0.0755 0.211985
0.0759 0.213895
0.0759 0.209904
0.0759 0.209904
0.0763 0.212475
0.0763 0.212475
0.0763 0.211819
0.0763 0.211819
0.0765 0.210779
0.0765 0.210779
0.0765 0.210126
0.0768 0.204211
0.0768 0.204211
0.0770 0.205159
0.0770 0.205159
0.0776 0.197129
0.0776 0.19458
0.0778 0.193651
0.0778 0.193651
0.0778 0.193651
0.0778 0.191115
0.0779 0.19777
0.0779 0.195873
0.0780 0.193989
0.0781 0.189931
0.0781 0.189931
0.0783 0.197146
0.0783 0.19651
0.0783 0.191521
0.0783 0.191521
0.0783 0.186531
0.0787 0.195281
0.0789 0.197444
0.0789 0.196816
0.0789 0.194362
0.0789 0.194362
0.0789 0.193736
0.0789 0.192511
0.0789 0.189442
0.0790 0.203754
0.0792 0.201681
0.0792 0.200454
0.0792 0.198637
0.0792 0.198637
0.0792 0.196194
0.0794 0.203774
0.0794 0.202564
0.0794 0.20195
0.0794 0.201356
0.0796 0.208856
0.0796 0.205232
0.0800 0.193159
0.0800 0.20125
0.0800 0.211465
0.0800 0.204667
0.0800 0.208066
0.0803 0.211542
0.0803 0.210942
0.0809 0.207467
0.0810 0.203799
0.0810 0.199645
0.0813 0.194556
0.0820 0.197222
0.0820 0.19317
0.0830 0.190921
0.0830 0.194096
0.0830 0.197252
0.0830 0.187762
0.0835 0.184842
0.0835 0.184842
0.0835 0.184286
0.0835 0.183192
0.0835 0.182087
0.0835 0.180995
0.0835 0.180439
0.0835 0.1777
0.0835 0.1777
0.0840 0.180999
0.0841 0.17752
0.0841 0.176439
0.0841 0.175898
0.0841 0.173177
0.0841 0.173177
0.0841 0.171558
0.0841 0.171019
0.0841 0.16994
0.0841 0.16831
0.0841 0.16831
0.0843 0.179417
0.0843 0.179417
0.0850 0.180536
0.0850 0.177525
0.0850 0.183547
0.0850 0.175237
0.0850 0.175237
0.0850 0.173652
0.0850 0.172591
0.0860 0.180046
0.0860 0.176734
0.0869 0.16629
0.0869 0.16629
0.0870 0.168731
0.0870 0.171605
0.0870 0.174495
0.0870 0.177367
0.0874 0.161669
0.0878 0.158812
0.0878 0.156822
0.0878 0.155831
0.0880 0.175946
0.0880 0.175946
0.0880 0.174961
0.0880 0.161596
0.0880 0.164208
0.0880 0.172666
0.0880 0.169841
0.0880 0.167032
0.0882 0.158461
0.0882 0.158461
0.0882 0.15796
0.0882 0.156489
0.0882 0.155996
0.0882 0.155996
0.0882 0.155996
0.0882 0.154024
0.0882 0.153042
0.0889 0.169859
0.0889 0.168405
0.0889 0.166465
0.0890 0.173621
0.0890 0.169834
0.0900 0.167762
0.0900 0.170464
0.0900 0.164059
0.0904 0.159617
0.0904 0.158685
0.0904 0.158225
0.0904 0.157751
0.0906 0.166435
0.0906 0.166435
0.0906 0.163164
0.0906 0.163164
0.0906 0.163164
0.0906 0.153828
0.0906 0.152899
0.0906 0.152443
0.0906 0.151501
0.0906 0.151036
0.0906 0.149641
0.0906 0.14871
0.0906 0.14871
0.0910 0.15685
0.0910 0.154224
0.0910 0.159491
0.0915 0.149812
0.0915 0.149355
0.0915 0.147984
0.0915 0.147072
0.0915 0.145696
0.0915 0.144331
0.0915 0.143865
0.0915 0.142955
0.0915 0.1425
0.0915 0.141132
0.0920 0.151539
0.0920 0.154108
0.0920 0.156679
0.0920 0.159262
0.0921 0.161986
0.0921 0.161545
0.0924 0.147248
0.0924 0.147248
0.0928 0.157197
0.0928 0.156287
0.0928 0.152737
0.0928 0.152303
0.0930 0.161521
0.0930 0.159006
0.0930 0.155856
0.0937 0.162795
0.0940 0.159349
0.0940 0.156872
0.0941 0.158052
0.0943 0.153557
0.0943 0.153122
0.0943 0.152255
0.0943 0.149675
0.0943 0.148817
0.0950 0.148157
0.0950 0.150567
0.0960 0.143012
0.0960 0.14567
0.0970 0.140371
0.0970 0.137767
0.0973 0.138634
0.0978 0.141447
0.0978 0.14065
0.0978 0.137056
0.0980 0.140919
0.0980 0.143195
0.0980 0.137807
0.0986 0.140506
0.0990 0.142536
0.0990 0.144769
0.0990 0.140318
0.0999 0.139167
0.1000 0.140525
0.1000 0.14515
0.1000 0.142975
0.1010 0.132412
0.1010 0.134815
0.1010 0.136947
0.1010 0.139092
0.1010 0.141224
0.1010 0.143368
0.1010 0.1455
0.1012 0.147194
0.1020 0.150002
0.1020 0.145809
0.1020 0.142926
0.1020 0.1479
0.1021 0.144149
0.1021 0.141222
0.1021 0.141222
0.1021 0.141222
0.1021 0.140119
0.1021 0.138656
0.1021 0.138656
0.1030 0.143251
0.1030 0.146066
0.1034 0.139836
0.1034 0.139836
0.1034 0.139474
0.1034 0.137685
0.1036 0.13683
0.1036 0.135757
0.1036 0.135409
0.1036 0.135409
0.1040 0.122111
0.1040 0.120088
0.1040 0.132189
0.1040 0.1342
0.1040 0.136221
0.1040 0.118078
0.1040 0.126144
0.1040 0.124121
0.1040 0.138233
0.1040 0.128155
0.1040 0.140255
0.1040 0.130178
0.1050 0.119297
0.1050 0.129184
0.1050 0.125239
0.1050 0.123254
0.1050 0.11534
0.1050 0.127211
0.1050 0.121281
0.1050 0.131167
0.1050 0.117324
0.1052 0.136304
0.1052 0.136304
0.1052 0.136304
0.1052 0.135276
0.1052 0.134589
0.1052 0.1339
0.1052 0.131485
0.1052 0.131135
0.1058 0.124276
0.1060 0.132024
0.1060 0.130666
0.1060 0.129628
0.1060 0.12895
0.1060 0.128605
0.1060 0.126914
0.1060 0.142766
0.1060 0.133066
0.1060 0.130395
0.1060 0.140831
0.1060 0.136947
0.1060 0.135012
0.1060 0.138895
0.1060 0.124866
0.1070 0.144881
0.1070 0.142971
0.1070 0.141071
0.1070 0.139161
0.1070 0.13654
0.1070 0.146781
0.1080 0.130059
0.1080 0.125846
0.1080 0.131922
0.1080 0.135664
0.1080 0.133799
0.1080 0.128184
0.1090 0.134101
0.1090 0.13227
0.1090 0.129745
0.1090 0.135941
0.1100 0.132355
0.1100 0.13438
0.1110 0.131524
0.1110 0.129311
0.1120 0.134407
0.1120 0.130929
0.1120 0.129185
0.1120 0.127451
0.1120 0.132662
0.1120 0.125499
0.1130 0.138441
0.1130 0.140144
0.1130 0.135024
0.1130 0.133105
0.1130 0.136727
0.1140 0.128049
0.1140 0.129733
0.1140 0.126375
0.1140 0.131406
0.1150 0.11965
0.1150 0.116144
0.1150 0.122949
0.1150 0.121295
0.1150 0.118006
0.1160 0.113955
0.1160 0.111725
0.1160 0.115571
0.1170 0.109622
0.1170 0.105842
0.1170 0.108025
0.1180 0.112863
0.1180 0.108159
0.1180 0.105034
0.1180 0.106596
0.1180 0.103464
0.1180 0.101902
0.1180 0.111292
0.1180 0.109729
0.1190 0.110779
0.1190 0.118671
0.1190 0.117135
0.1190 0.114054
0.1190 0.115591
0.1190 0.11251
0.1200 0.106484
0.1200 0.103455
0.1200 0.109505
0.1200 0.101562
0.1200 0.107995
0.1200 0.104965
0.1210 0.109564
0.1210 0.114037
0.1210 0.112544
0.1210 0.108078
0.1210 0.106593
0.1210 0.104911
0.1210 0.111058
0.1220 0.107775
0.1220 0.103383
0.1220 0.104853
0.1220 0.106314
0.1220 0.109245
0.1230 0.095586
0.1230 0.0973872
0.1230 0.0988254
0.1230 0.100271
0.1240 0.0947583
0.1240 0.0933432
0.1240 0.0961727
0.1240 0.0915715
0.1250 0.0998801
0.1250 0.0956882
0.1250 0.097088
0.1250 0.09412
0.1250 0.0984799
0.1260 0.102072
0.1260 0.10345
0.1260 0.100702
0.1270 0.102843
0.1270 0.101316
0.1280 0.102234
0.1280 0.103569
0.1290 0.102623
0.1290 0.101316
0.1290 0.100001
0.1290 0.0985292
0.1300 0.0939574
0.1300 0.0968567
0.1300 0.0981509
0.1300 0.0955693
0.1310 0.0976053
0.1310 0.0988798
0.1320 0.0972295
0.1330 0.096543
0.1340 0.0943489
0.1350 0.0919069
0.1350 0.0883198
0.1350 0.093107
0.1350 0.0907131
0.1350 0.0895131
0.1350 0.0869752
0.1360 0.0858499
0.1360 0.0846669
0.1360 0.083045
0.1360 0.0870257
0.1370 0.084741
0.1370 0.0953435
0.1370 0.0886632
0.1370 0.0875045
0.1370 0.0965087
0.1370 0.0863393
0.1370 0.089829
0.1380 0.0896739
0.1380 0.0908159
0.1380 0.0885319
0.1380 0.0919647
0.1390 0.0817571
0.1390 0.0875406
0.1390 0.0841574
0.1390 0.085283
0.1390 0.086415
0.1390 0.0830249
0.1400 0.0797577
0.1400 0.0810142
0.1410 0.0806864
0.1410 0.0795924
0.1420 0.0795539
0.1420 0.0782024
0.1420 0.080639
0.1430 0.0795151
0.1430 0.0784451
0.1430 0.0773816
0.1430 0.0748506
0.1430 0.076318
0.1440 0.0797284
0.1440 0.0849851
0.1440 0.0782816
0.1440 0.0828811
0.1440 0.0818322
0.1440 0.0807776
0.1440 0.0860339
0.1440 0.0839362
0.1440 0.0870891
0.1450 0.0895182
0.1450 0.0884839
0.1450 0.092634
0.1450 0.0915932
0.1450 0.087057
0.1450 0.0905589
0.1460 0.0880441
0.1460 0.0765329
0.1460 0.0859975
0.1460 0.0870181
0.1460 0.0788374
0.1460 0.0890645
0.1460 0.0900909
0.1460 0.0798576
0.1460 0.0808841
0.1460 0.0819044
0.1460 0.0829309
0.1460 0.0839511
0.1460 0.0849771
0.1460 0.0778171
0.1470 0.0891179
0.1470 0.0860925
0.1470 0.0840739
0.1470 0.085086
0.1470 0.087099
0.1470 0.0826853
0.1470 0.080036
0.1470 0.0790295
0.1470 0.0780231
0.1470 0.0770105
0.1470 0.0760041
0.1470 0.0881115
0.1470 0.073858
0.1470 0.074992
0.1470 0.0901305
0.1480 0.0819484
0.1480 0.078958
0.1480 0.0839401
0.1480 0.0829416
0.1480 0.0809499
0.1480 0.079957
0.1480 0.0779651
0.1480 0.0765956
0.1490 0.0742198
0.1490 0.0722546
0.1490 0.085762
0.1490 0.0847764
0.1490 0.0837967
0.1490 0.0752049
0.1490 0.0761845
0.1490 0.0887067
0.1490 0.0732401
0.1490 0.0877271
0.1490 0.071275
0.1490 0.0702954
0.1490 0.0691861
0.1490 0.0825694
0.1490 0.0867415
0.1500 0.0696
0.1500 0.0686334
0.1500 0.067661
0.1500 0.0657222
0.1500 0.0647558
0.1500 0.08765
0.1500 0.0705724
0.1500 0.0637887
0.1500 0.0666944
0.1500 0.062578
0.1500 0.088739
0.1510 0.0715484
0.1510 0.0705946
0.1510 0.0696408
0.1510 0.0686811
0.1510 0.0856541
0.1510 0.0667678
0.1510 0.0658139
0.1510 0.0677274
0.1510 0.0845795
0.1510 0.0866134
0.1510 0.0875676
0.1513 0.0736985
0.1513 0.0736985
0.1513 0.0733655
0.1513 0.0728631
0.1513 0.072034
0.1520 0.0734451
0.1520 0.0762747
0.1520 0.0791044
0.1520 0.0809924
0.1520 0.0819394
0.1520 0.077216
0.1520 0.080051
0.1520 0.0743864
0.1520 0.078163
0.1520 0.0753334
0.1530 0.0804016
0.1530 0.0696901
0.1530 0.0785435
0.1530 0.0776091
0.1530 0.0766797
0.1530 0.0757455
0.1530 0.0748164
0.1530 0.0738817
0.1530 0.0794725
0.1530 0.0720236
0.1530 0.0708595
0.1530 0.0729526
0.1540 0.0653408
0.1540 0.0662634
0.1540 0.0763776
0.1540 0.0754555
0.1540 0.0745385
0.1540 0.0736159
0.1540 0.0726989
0.1540 0.0708592
0.1540 0.0644238
0.1540 0.0681026
0.1540 0.0772947
0.1540 0.0699422
0.1540 0.0717762
0.1540 0.0671804
0.1540 0.06902
0.1550 0.0824246
0.1550 0.0624609
0.1550 0.074256
0.1550 0.0806137
0.1550 0.0769823
0.1550 0.0760719
0.1550 0.0751666
0.1550 0.0633661
0.1550 0.083335
0.1550 0.0815194
0.1550 0.0615505
0.1550 0.0606452
0.1550 0.0597398
0.1550 0.0588294
0.1550 0.0579241
0.1550 0.0570134
0.1550 0.0559939
0.1560 0.0876427
0.1560 0.0858555
0.1560 0.0885415
0.1560 0.0840627
0.1560 0.0867491
0.1560 0.0587505
0.1560 0.0820442
0.1560 0.0831636
0.1560 0.0849564
0.1560 0.0605429
0.1560 0.0596441
0.1560 0.0894355
0.1570 0.061098
0.1570 0.0823309
0.1570 0.0814436
0.1570 0.0619852
0.1570 0.0889639
0.1570 0.0598859
0.1570 0.0859773
0.1570 0.0832132
0.1580 0.088277
0.1580 0.0820531
0.1580 0.0856585
0.1580 0.0847869
0.1580 0.0839109
0.1580 0.0830396
0.1580 0.0613131
0.1580 0.0625151
0.1580 0.0874058
0.1580 0.0865296
0.1590 0.0669029
0.1590 0.0651775
0.1590 0.0625915
0.1590 0.0822109
0.1590 0.0643172
0.1590 0.0660426
0.1590 0.0617312
0.1590 0.0677684
0.1590 0.0794076
0.1590 0.0852319
0.1590 0.0804855
0.1590 0.0813506
0.1590 0.0634517
0.1600 0.0821484
0.1600 0.0786326
0.1600 0.0831056
0.1600 0.066494
0.1600 0.0760792
0.1600 0.0752246
0.1600 0.074375
0.1600 0.0735204
0.1600 0.0726707
0.1600 0.0718213
0.1600 0.0709669
0.1600 0.070117
0.1600 0.0675585
0.1600 0.0684131
0.1600 0.0692627
0.1600 0.0769287
0.1600 0.0777831
0.1610 0.0700881
0.1610 0.0650437
0.1610 0.0658829
0.1610 0.0667219
0.1610 0.067566
0.1610 0.068405
0.1610 0.0692487
0.1610 0.0583116
0.1610 0.0709319
0.1610 0.0779725
0.1610 0.0789225
0.1610 0.0572604
0.1610 0.062517
0.1610 0.0599947
0.1610 0.0641997
0.1610 0.0591557
0.1610 0.0616779
0.1610 0.0633607
0.1610 0.0608339
0.1618 0.0470644
0.1618 0.0468541
0.1620 0.0521927
0.1620 0.0497016
0.1620 0.074417
0.1620 0.0735884
0.1620 0.0727546
0.1620 0.0710973
0.1620 0.0571796
0.1620 0.0563462
0.1620 0.0555176
0.1620 0.0546885
0.1620 0.0538551
0.1620 0.0513641
0.1620 0.0505307
0.1620 0.0530265
0.1620 0.048873
0.1620 0.0702635
0.1620 0.0719259
0.1623 0.0482172
0.1627 0.0604451
0.1627 0.0600155
0.1627 0.059869
0.1629 0.0603116
0.1630 0.0575059
0.1630 0.0558639
0.1630 0.0534035
0.1630 0.0675598
0.1630 0.0583245
0.1630 0.0730975
0.1630 0.0542221
0.1630 0.0550452
0.1630 0.0501194
0.1630 0.0566828
0.1630 0.0484776
0.1630 0.0517615
0.1630 0.059148
0.1630 0.0615049
0.1630 0.0626339
0.1630 0.0634574
0.1630 0.064276
0.1630 0.0650945
0.1630 0.065918
0.1630 0.0667366
0.1630 0.05258
0.1630 0.0683788
0.1630 0.0509382
0.1630 0.0719684
0.1630 0.0692019
0.1630 0.0493009
0.1631 0.0606035
0.1632 0.0608967
0.1634 0.0611856
0.1640 0.0699778
0.1640 0.0683605
0.1640 0.0659252
0.1640 0.0643031
0.1640 0.0707913
0.1640 0.0618724
0.1640 0.0675474
0.1640 0.0667384
0.1640 0.0691691
0.1640 0.0634945
0.1640 0.0608595
0.1640 0.0715999
0.1640 0.0651166
0.1640 0.0626859
0.1650 0.064527
0.1650 0.0629294
0.1650 0.0605235
0.1650 0.0653307
0.1650 0.070133
0.1650 0.0637283
0.1650 0.0677317
0.1650 0.0621257
0.1650 0.0613269
0.1650 0.0669329
0.1650 0.0597246
0.1650 0.058921
0.1650 0.0578236
0.1650 0.0661295
0.1650 0.0709367
0.1660 0.0615791
0.1660 0.0607855
0.1660 0.0599959
0.1660 0.0592022
0.1660 0.0576238
0.1660 0.0568297
0.1660 0.0552465
0.1660 0.0655349
0.1660 0.0647409
0.1660 0.0639516
0.1660 0.058413
0.1660 0.0671179
0.1660 0.0533686
0.1660 0.0560405
0.1660 0.0663241
0.1660 0.0544572
0.1660 0.0631624
0.1660 0.0623684
0.1670 0.0690505
0.1670 0.0682706
0.1670 0.0674861
0.1670 0.0667064
0.1670 0.0721789
0.1670 0.0608439
0.1670 0.0598668
0.1670 0.0624082
0.1670 0.069835
0.1670 0.0657293
0.1670 0.0737432
0.1670 0.072959
0.1670 0.0616237
0.1670 0.071399
0.1670 0.0706149
0.1670 0.0640664
0.1680 0.070162
0.1680 0.0686205
0.1680 0.0678456
0.1680 0.0662999
0.1680 0.065237
0.1680 0.0593468
0.1680 0.0693914
0.1680 0.0582836
0.1680 0.0670751
0.1690 0.0559767
0.1690 0.0676185
0.1690 0.0691457
0.1690 0.0699075
0.1690 0.0543531
0.1690 0.0567383
0.1690 0.0552108
0.1690 0.057504
0.1690 0.0659947
0.1690 0.0668524
0.1690 0.06838
0.1700 0.0556965
0.1700 0.0683346
0.1700 0.0573961
0.1700 0.0700301
0.1700 0.0713494
0.1700 0.073616
0.1700 0.0596584
0.1700 0.061168
0.1700 0.0619205
0.1700 0.0641826
0.1700 0.0649394
0.1700 0.065692
0.1700 0.0661636
0.1700 0.0634299
0.1700 0.0691825
0.1700 0.0566394
0.1700 0.0604109
0.1700 0.067487
0.1700 0.0581487
0.1700 0.0626772
0.1700 0.0589013
0.1710 0.0671659
0.1710 0.0715435
0.1710 0.0634341
0.1710 0.0664179
0.1710 0.0649259
0.1710 0.0679099
0.1710 0.0641821
0.1710 0.0656741
0.1710 0.0626901
0.1710 0.0619464
0.1710 0.0611984
0.1710 0.0604546
0.1710 0.0597064
0.1710 0.0589626
0.1710 0.0582144
0.1710 0.0551409
0.1720 0.0599353
0.1720 0.0520129
0.1720 0.06141
0.1720 0.0606746
0.1720 0.0592001
0.1720 0.0584606
0.1720 0.0574507
0.1720 0.0542227
0.1720 0.0534876
0.1720 0.0527524
0.1720 0.0512777
0.1720 0.0711744
0.1720 0.0505384
0.1720 0.049803
0.1720 0.0490637
0.1720 0.0466722
0.1720 0.0475934
0.1720 0.0483286
0.1730 0.0586972
0.1730 0.0572439
0.1730 0.0565129
0.1730 0.050411
0.1730 0.0550554
0.1730 0.052871
0.1730 0.0579705
0.1730 0.0514133
0.1730 0.0521444
0.1730 0.0557861
0.1730 0.0535976
0.1730 0.0543288
0.1730 0.0701745
0.1740 0.0663067
0.1740 0.0655884
0.1740 0.0641474
0.1740 0.061988
0.1740 0.0670291
0.1740 0.058388
0.1740 0.0677475
0.1740 0.0627064
0.1740 0.0648697
0.1740 0.0612656
0.1740 0.060547
0.1740 0.0598286
0.1740 0.0591062
0.1740 0.063429
0.1740 0.0576652
0.1740 0.0568562
0.1740 0.0684701
0.1740 0.0691885
0.1750 0.0607469
0.1750 0.0628816
0.1750 0.0650204
0.1750 0.0643062
0.1750 0.0619917
0.1750 0.0657305
0.1750 0.059947
0.1750 0.063596
0.1760 0.0655144
0.1760 0.0641062
0.1760 0.0634039
0.1760 0.0619956
0.1760 0.0648084
0.1760 0.0593564
0.1760 0.0626977
0.1760 0.0602361
0.1760 0.061027
0.1770 0.0652989
0.1770 0.0586876
0.1770 0.0579895
0.1770 0.057295
0.1770 0.0565969
0.1770 0.0657337
0.1770 0.0559027
0.1780 0.0600935
0.1780 0.0566531
0.1780 0.0552764
0.1780 0.0545859
0.1780 0.0621569
0.1780 0.0642202
0.1780 0.0607799
0.1780 0.0709309
0.1780 0.0594029
0.1780 0.0587165
0.1780 0.05803
0.1780 0.0573397
0.1780 0.0538994
0.1780 0.0559627
0.1780 0.0614704
0.1780 0.0635335
0.1780 0.0530394
0.1780 0.0628471
0.1790 0.0594239
0.1790 0.0573835
0.1790 0.0614642
0.1790 0.0557644
0.1790 0.0601026
0.1790 0.0646124
0.1790 0.058741
0.1790 0.0580622
0.1790 0.0567009
0.1790 0.0607855
0.1790 0.0621469
0.1800 0.0508566
0.1800 0.0542206
0.1800 0.0606172
0.1800 0.0528781
0.1800 0.0548959
0.1800 0.0501854
0.1800 0.0535494
0.1800 0.0555671
0.1800 0.0575888
0.1800 0.05826
0.1800 0.0485879
0.1800 0.0598574
0.1800 0.0522029
0.1800 0.0515316
0.1800 0.0562423
0.1800 0.04951
0.1800 0.0589312
0.1800 0.0569135
0.1810 0.0725939
0.1810 0.0705946
0.1810 0.0587818
0.1810 0.05745
0.1810 0.0567862
0.1810 0.0497962
0.1810 0.068599
0.1810 0.0679352
0.1810 0.0672674
0.1810 0.0666035
0.1810 0.0659359
0.1810 0.065272
0.1810 0.0627766
0.1810 0.062109
0.1810 0.0614449
0.1810 0.060781
0.1810 0.0488844
0.1810 0.0594496
0.1810 0.0719264
0.1810 0.0581179
0.1810 0.0712622
0.1810 0.0504639
0.1810 0.0561224
0.1810 0.0552066
0.1810 0.0699307
0.1810 0.0692669
0.1810 0.0601135
0.1820 0.0678472
0.1820 0.062417
0.1820 0.0543526
0.1820 0.069821
0.1820 0.0530355
0.1820 0.052379
0.1820 0.0510619
0.1820 0.0490884
0.1820 0.0583037
0.1820 0.049745
0.1820 0.0484279
0.1820 0.0517224
0.1820 0.0477713
0.1820 0.0691644
0.1820 0.053696
0.1820 0.0704812
0.1820 0.0721266
0.1820 0.0556695
0.1820 0.05633
0.1820 0.0685079
0.1820 0.0576431
0.1820 0.0504052
0.1820 0.0589602
0.1820 0.0596205
0.1820 0.0602774
0.1820 0.0714701
0.1820 0.0632396
0.1820 0.0638999
0.1820 0.0645567
0.1820 0.0652134
0.1820 0.0658736
0.1820 0.0665301
0.1820 0.0671907
0.1820 0.0550129
0.1820 0.0569866
0.1830 0.0387851
0.1830 0.0575039
0.1830 0.0568545
0.1830 0.0555517
0.1830 0.0549024
0.1830 0.0535996
0.1830 0.0522971
0.1830 0.0461121
0.1830 0.0448094
0.1830 0.0428572
0.1830 0.0588067
0.1830 0.0542492
0.1830 0.0581572
0.1830 0.0607589
0.1830 0.0415547
0.1830 0.0601091
0.1830 0.0454589
0.1830 0.0562011
0.1830 0.0441564
0.1830 0.0435069
0.1830 0.0594597
0.1830 0.0422041
0.1830 0.0678395
0.1830 0.0409014
0.1830 0.040252
0.1830 0.0395989
0.1830 0.0529465
0.1840 0.0449661
0.1840 0.0456124
0.1840 0.0599414
0.1840 0.0476245
0.1840 0.055592
0.1840 0.0549496
0.1840 0.0543072
0.1840 0.0491529
0.1840 0.0530185
0.1840 0.0523725
0.1840 0.0510839
0.1840 0.0441614
0.1840 0.0517301
0.1840 0.0504415
0.1840 0.0497991
0.1840 0.0536613
0.1840 0.0485105
0.1840 0.0573642
0.1840 0.0649331
0.1850 0.0549926
0.1850 0.0561871
0.1850 0.0594522
0.1850 0.0524469
0.1850 0.0518079
0.1850 0.0505331
0.1850 0.0530826
0.1850 0.0537216
0.1850 0.0543571
0.1850 0.0600912
0.1850 0.0588165
0.1850 0.0496602
0.1850 0.0581811
0.1850 0.0511725
0.1850 0.0575421
0.1850 0.0569066
0.1860 0.0567695
0.1860 0.0561372
0.1860 0.0555086
0.1860 0.0484161
0.1860 0.0496769
0.1860 0.0490482
0.1860 0.0605489
0.1860 0.0477872
0.1860 0.047155
0.1860 0.0465264
0.1860 0.0458977
0.1860 0.0452654
0.1860 0.058027
0.1860 0.0439284
0.1860 0.0573984
0.1860 0.0446368
0.1860 0.0503094
0.1870 0.0525788
0.1870 0.0538225
0.1870 0.0500837
0.1870 0.049458
0.1870 0.0488361
0.1870 0.0482141
0.1870 0.0550701
0.1870 0.0544483
0.1870 0.0532006
0.1870 0.0519532
0.1870 0.0513311
0.1870 0.0469665
0.1870 0.0507056
0.1870 0.0463411
0.1870 0.0450935
0.1870 0.0442391
0.1870 0.0457191
0.1870 0.0475885
0.1880 0.0544859
0.1880 0.0532515
0.1880 0.051402
0.1880 0.0501676
0.1880 0.0457715
0.1880 0.0551049
0.1880 0.0495524
0.1880 0.0538705
0.1880 0.0607316
0.1880 0.0526361
0.1880 0.0520209
0.1880 0.0589599
0.1880 0.0507865
0.1880 0.0563391
0.1880 0.0489332
0.1880 0.0483179
0.1880 0.0477026
0.1880 0.0470835
0.1880 0.0464683
0.1880 0.0557202
0.1890 0.0539109
0.1890 0.0526895
0.1890 0.0455196
0.1890 0.0473495
0.1890 0.0485709
0.1890 0.0491797
0.1890 0.0504011
0.1890 0.0507824
0.1890 0.0581835
0.1890 0.044907
0.1890 0.0575746
0.1890 0.0461284
0.1890 0.0467406
0.1890 0.0569624
0.1890 0.047962
0.1890 0.0557445
0.1890 0.0551323
0.1890 0.0519269
0.1890 0.0497923
0.1890 0.053302
0.1890 0.0545234
0.1890 0.0563533
0.1900 0.0436807
0.1900 0.0500244
0.1900 0.0482134
0.1900 0.0506267
0.1900 0.0473821
0.1900 0.0460975
0.1900 0.0454951
0.1900 0.0448892
0.1900 0.0442867
0.1900 0.0494183
0.1900 0.0430782
0.1900 0.0424757
0.1900 0.0418697
0.1900 0.0488159
0.1910 0.0493511
0.1910 0.0487549
0.1910 0.047559
0.1910 0.0469629
0.1910 0.0457669
0.1910 0.0439715
0.1910 0.0499506
0.1910 0.0433754
0.1910 0.0463631
0.1910 0.0505467
0.1910 0.0451674
0.1910 0.0445712
0.1910 0.0481551
0.1920 0.0501709
0.1920 0.0481736
0.1920 0.0476549
0.1920 0.0470649
0.1920 0.0464749
0.1920 0.0452915
0.1920 0.0495776
0.1920 0.054606
0.1920 0.0458814
0.1920 0.0489876
0.1920 0.0445523
0.1920 0.0507609
0.1930 0.0442361
0.1930 0.0340681
0.1930 0.0348701
0.1930 0.0354572
0.1930 0.0360411
0.1930 0.0541894
0.1930 0.0561626
0.1930 0.0395546
0.1930 0.0413097
0.1930 0.042481
0.1930 0.0454071
0.1930 0.0483335
0.1930 0.0477497
0.1930 0.0471622
0.1930 0.0465784
0.1930 0.0459946
0.1930 0.0506759
0.1930 0.0489207
0.1930 0.0366285
0.1930 0.0436523
0.1930 0.0430649
0.1930 0.0495046
0.1930 0.0418971
0.1930 0.050092
0.1930 0.0407259
0.1930 0.0401388
0.1930 0.0448234
0.1930 0.0389675
0.1930 0.0383836
0.1930 0.0377998
0.1930 0.0372124
0.1934 0.0338006
0.1934 0.0335065
0.1934 0.0329161
0.1934 0.0324751
0.1934 0.0318875
0.1934 0.0311529
0.1934 0.0307099
0.1934 0.030269
0.1934 0.0301219
0.1934 0.0296814
0.1939 0.0296645
0.1939 0.0292227
0.1940 0.0356705
0.1940 0.0472587
0.1940 0.0345115
0.1940 0.0350926
0.1940 0.0339337
0.1940 0.0374111
0.1940 0.0385669
0.1940 0.0403071
0.1940 0.0414664
0.1940 0.0420442
0.1940 0.0464614
0.1940 0.0478365
0.1940 0.0604375
0.1940 0.0555851
0.1940 0.039726
0.1940 0.0368297
0.1940 0.0362519
0.1940 0.037989
0.1940 0.040885
0.1940 0.0426221
0.1940 0.0391479
0.1942 0.0335194
0.1942 0.0323538
0.1942 0.0313337
0.1942 0.0304563
0.1942 0.0300189
0.1942 0.0284132
0.1942 0.0281219
0.1942 0.0281219
0.1942 0.0281219
0.1950 0.0615438
0.1950 0.0615438
0.1950 0.0613433
0.1950 0.0608399
0.1950 0.0527942
0.1950 0.0430474
0.1950 0.0591025
0.1950 0.0585306
0.1950 0.0579551
0.1950 0.0573832
0.1950 0.0447665
0.1950 0.0562361
0.1950 0.0459139
0.1950 0.0464892
0.1950 0.0533695
0.1950 0.0707856
0.1950 0.0522224
0.1950 0.0516501
0.1950 0.051075
0.1950 0.050503
0.1950 0.0499276
0.1950 0.0493556
0.1950 0.0487805
0.1950 0.0482084
0.1950 0.0476364
0.1950 0.0470612
0.1950 0.0419001
0.1950 0.0539414
0.1950 0.0441945
0.1950 0.0436226
0.1950 0.0596779
0.1950 0.0424752
0.1950 0.056808
0.1950 0.0555916
0.1950 0.0453419
0.1951 0.0606229
0.1951 0.0598219
0.1960 0.0651714
0.1960 0.0680087
0.1960 0.0674392
0.1960 0.0668731
0.1960 0.066307
0.1960 0.0657376
0.1960 0.0629003
0.1960 0.064602
0.1960 0.0640359
0.1960 0.0634664
0.1960 0.0697106
0.1960 0.0623341
0.1960 0.0617645
0.1960 0.0437447
0.1960 0.0580064
0.1960 0.048284
0.1960 0.0477176
0.1960 0.0471515
0.1960 0.0465822
0.1960 0.0448804
0.1960 0.0454465
0.1960 0.0702799
0.1960 0.0460161
0.1960 0.0610554
0.1960 0.0685749
0.1960 0.0691442
0.1960 0.0443109
0.1970 0.0387379
0.1970 0.0560114
0.1970 0.0511674
0.1970 0.0499045
0.1970 0.0451281
0.1970 0.0610006
0.1970 0.0395109
0.1970 0.0577701
0.1970 0.0506067
0.1970 0.0572064
0.1970 0.048919
0.1970 0.0468126
0.1970 0.0602277
0.1970 0.0445644
0.1970 0.044004
0.1970 0.0434435
0.1970 0.0428798
0.1970 0.0423194
0.1970 0.0417559
0.1970 0.0411954
0.1970 0.0400713
0.1970 0.0406316
0.1970 0.056646
0.1970 0.0583305
0.1970 0.0614193
0.1970 0.0534155
0.1980 0.0505115
0.1980 0.0649742
0.1980 0.0644164
0.1980 0.0660837
0.1980 0.0616359
0.1980 0.0427254
0.1980 0.0549624
0.1980 0.0538498
0.1980 0.053295
0.1980 0.0521821
0.1980 0.0633035
0.1980 0.0610811
0.1980 0.0605231
0.1980 0.0599684
0.1980 0.0594105
0.1980 0.0588557
0.1980 0.0582976
0.1980 0.0577429
0.1980 0.0677545
0.1980 0.05663
0.1980 0.0560753
0.1980 0.0555174
0.1980 0.0638614
0.1980 0.0544045
0.1980 0.0671966
0.1980 0.0627487
0.1980 0.0527369
0.1980 0.0621906
0.1980 0.0516241
0.1980 0.0510694
0.1980 0.065529
0.1980 0.0499567
0.1980 0.0494017
0.1980 0.0488439
0.1980 0.0482891
0.1980 0.047731
0.1980 0.0471762
0.1980 0.0466184
0.1980 0.0460636
0.1980 0.0455055
0.1980 0.0449507
0.1980 0.044396
0.1980 0.043838
0.1980 0.0432832
0.1980 0.0571881
0.1980 0.0666419
0.1990 0.0656991
0.1990 0.0668006
0.1990 0.0530354
0.1990 0.0640451
0.1990 0.0546862
0.1990 0.0557877
0.1990 0.0563369
0.1990 0.0574386
0.1990 0.0585402
0.1990 0.0590895
0.1990 0.0519336
0.1990 0.0601909
0.1990 0.0607434
0.1990 0.0612926
0.1990 0.0579909
0.1990 0.0618451
0.1990 0.0568894
0.1990 0.0623942
0.1990 0.0629435
0.1990 0.0662484
0.1990 0.0634957
0.1990 0.0541369
0.1990 0.0535845
0.1990 0.0645975
0.1990 0.0524829
0.1990 0.0596418
0.1990 0.0513814
0.1990 0.050832
0.1990 0.0651466
0.1990 0.049317
0.1990 0.0487677
0.1990 0.0482153
0.1990 0.0476661
0.1990 0.044295
0.1990 0.0465644
0.1990 0.0460151
0.1990 0.0454629
0.1990 0.0447054
0.1990 0.0552354
0.1990 0.0471169
0.1990 0.0502134
0.2000 0.0516875
0.2000 0.0423532
0.2000 0.0489626
0.2000 0.0505967
0.2000 0.050053
0.2000 0.0471219
0.2000 0.0511437
0.2000 0.0484186
0.2000 0.0478719
0.2000 0.0446
0.2000 0.0440562
0.2000 0.0435126
0.2000 0.0429656
0.2000 0.0572061
0.2000 0.0495063
0.2000 0.0531876
0.2010 0.0577862
0.2010 0.0526596
0.2010 0.0515798
0.2010 0.0510383
0.2010 0.0388294
0.2010 0.0476659
0.2010 0.0483404
0.2010 0.0499616
0.2010 0.0494202
0.2010 0.0504999
0.2010 0.0399772
0.2010 0.0421337
0.2010 0.0571799
0.2010 0.0394359
0.2010 0.0488817
0.2010 0.0521181
0.2020 0.0441225
0.2020 0.0435895
0.2020 0.0509355
0.2020 0.0383786
0.2020 0.0489321
0.2020 0.047863
0.2020 0.0462608
0.2020 0.0378456
0.2020 0.0373094
0.2020 0.0367764
0.2020 0.0357074
0.2020 0.0351741
0.2020 0.0341051
0.2020 0.0430534
0.2020 0.0502676
0.2020 0.0467938
0.2020 0.04733
0.2020 0.0346381
0.2020 0.048399
0.2020 0.0324356
0.2020 0.0389147
0.2020 0.0423855
0.2020 0.0529391
0.2020 0.0589525
0.2020 0.033036
0.2020 0.0362404
0.2020 0.033569
0.2020 0.0446585
0.2020 0.0451915
0.2020 0.0457277
0.2022 0.0504721
0.2023 0.0406613
0.2024 0.0539268
0.2030 0.0411772
0.2030 0.056256
0.2030 0.0416384
0.2030 0.0573145
0.2030 0.0567838
0.2030 0.0604874
0.2030 0.055728
0.2030 0.0551972
0.2030 0.0546695
0.2030 0.0541386
0.2030 0.0536109
0.2030 0.0530801
0.2030 0.0525524
0.2030 0.0425665
0.2030 0.0514936
0.2030 0.0509659
0.2030 0.0438225
0.2030 0.0499071
0.2030 0.0454087
0.2030 0.0464674
0.2030 0.0481205
0.2030 0.0469981
0.2030 0.0488485
0.2030 0.0599596
0.2030 0.0448809
0.2030 0.0443503
0.2030 0.0504349
0.2030 0.0432915
0.2030 0.0520244
0.2030 0.0578422
0.2030 0.0583731
0.2030 0.0459396
0.2030 0.0589009
0.2030 0.0594319
0.2030 0.0493765
0.2032 0.052143
0.2032 0.0515857
0.2040 0.040249
0.2040 0.0507287
0.2040 0.0481094
0.2040 0.0376297
0.2040 0.048632
0.2040 0.0517769
0.2040 0.0475839
0.2040 0.0470612
0.2040 0.0465385
0.2040 0.046013
0.2040 0.0536754
0.2040 0.0449646
0.2040 0.044442
0.2040 0.0522996
0.2040 0.0433939
0.2040 0.0502061
0.2040 0.0496804
0.2040 0.0418229
0.2040 0.0355332
0.2040 0.0407746
0.2040 0.0512514
0.2040 0.0397262
0.2040 0.0392006
0.2040 0.0386781
0.2040 0.0381555
0.2040 0.0491577
0.2040 0.0371071
0.2040 0.0365814
0.2040 0.0360588
0.2040 0.0412971
0.2040 0.0439165
0.2040 0.0528252
0.2040 0.0423455
0.2040 0.0428681
0.2040 0.0454904
0.2040 0.0350106
0.2040 0.0533479
0.2050 0.0486794
0.2050 0.051273
0.2050 0.0398574
0.2050 0.0383016
0.2050 0.050235
0.2050 0.056981
0.2050 0.0517906
0.2050 0.0564604
0.2050 0.0507525
0.2050 0.0559429
0.2050 0.0497175
0.2050 0.0491969
0.2050 0.0554224
0.2050 0.0481587
0.2050 0.0476412
0.2050 0.0471207
0.2050 0.0466032
0.2050 0.0460856
0.2050 0.0455651
0.2050 0.0450476
0.2050 0.0372635
0.2050 0.0440095
0.2050 0.043489
0.2050 0.0429715
0.2050 0.0424509
0.2050 0.0543843
0.2050 0.0414159
0.2050 0.0408953
0.2050 0.0403778
0.2050 0.0538667
0.2050 0.0393396
0.2050 0.0388191
0.2050 0.0574985
0.2050 0.0377841
0.2050 0.0528286
0.2050 0.036746
0.2050 0.0362254
0.2050 0.0357079
0.2050 0.0351874
0.2050 0.0346699
0.2050 0.0324659
0.2050 0.0318174
0.2050 0.044527
0.2050 0.0419334
0.2050 0.0549049
0.2050 0.0533492
0.2050 0.0523111
0.2060 0.0541167
0.2060 0.0536013
0.2060 0.0530887
0.2060 0.0525733
0.2060 0.0515454
0.2060 0.0510329
0.2060 0.0500047
0.2060 0.0484641
0.2060 0.047436
0.2060 0.0458956
0.2060 0.0561697
0.2060 0.0448676
0.2060 0.044352
0.2060 0.0438395
0.2060 0.043327
0.2060 0.0426201
0.2060 0.0422989
0.2060 0.041592
0.2060 0.0309939
0.2060 0.0304811
0.2060 0.0299657
0.2060 0.0556572
0.2060 0.0551419
0.2060 0.0546294
0.2060 0.0453801
0.2060 0.0571979
0.2060 0.0315093
0.2060 0.0494922
0.2060 0.0489766
0.2060 0.0520607
0.2060 0.0479487
0.2060 0.0505201
0.2060 0.0469235
0.2060 0.0464081
0.2060 0.0566854
0.2064 0.0292816
0.2064 0.028834
0.2066 0.028602
0.2070 0.0306951
0.2070 0.0357856
0.2070 0.034257
0.2070 0.0332387
0.2070 0.0327312
0.2070 0.0322237
0.2070 0.0317131
0.2070 0.0388369
0.2070 0.0301874
0.2070 0.0296769
0.2070 0.0418912
0.2070 0.0413807
0.2070 0.0408732
0.2070 0.0337492
0.2070 0.0383292
0.2070 0.0362931
0.2070 0.0393475
0.2070 0.0403626
0.2070 0.0542924
0.2070 0.0368008
0.2070 0.039855
0.2070 0.0378189
0.2070 0.035275
0.2070 0.0312055
0.2070 0.0347674
0.2070 0.0373114
0.2072 0.0291624
0.2074 0.0284868
0.2074 0.0282206
0.2074 0.0279545
0.2074 0.0278657
0.2075 0.02746
0.2075 0.0272829
0.2080 0.03897
0.2080 0.0416137
0.2080 0.041111
0.2080 0.0501831
0.2080 0.03292
0.2080 0.035945
0.2080 0.0354424
0.2080 0.0431276
0.2080 0.0405446
0.2080 0.044133
0.2080 0.042622
0.2080 0.0451415
0.2080 0.0436304
0.2080 0.0384644
0.2080 0.0379616
0.2080 0.0374561
0.2080 0.0369534
0.2080 0.0349366
0.2080 0.0344339
0.2080 0.0339284
0.2080 0.0334255
0.2080 0.0364477
0.2080 0.0322294
0.2080 0.045647
0.2080 0.0461499
0.2080 0.0478515
0.2080 0.0446387
0.2080 0.0421192
