0.0179883 0.756846
0.0182523 0.70092
0.0185164 0.721221
0.0187804 0.667806
0.0190444 0.727714
0.0193084 0.706594
0.0195724 0.669941
0.0198364 0.756954
0.0201004 0.722185
0.0203645 0.669856
0.0206285 0.711512
0.0208925 0.680724
0.0211565 0.65071
0.0214205 0.621396
0.0216845 0.641124
0.0219486 0.654188
0.0222126 0.710644
0.0224766 0.710221
0.0227406 0.62268
0.0230046 0.675252
0.0232686 0.712254
0.0235326 0.63063
0.0237967 0.681772
0.0240607 0.605247
0.0243247 0.630777
0.0245887 0.619093
0.0248527 0.580788
0.0251167 0.628402
0.0253807 0.617579
0.0256448 0.647896
0.0259088 0.592228
0.0261728 0.591076
0.0264368 0.654984
0.0267008 0.661018
0.0269648 0.616274
0.0272288 0.606272
0.0274929 0.59794
0.0277569 0.551626
0.0280209 0.629534
0.0282849 0.625882
0.0285489 0.632582
0.0288129 0.570726
0.0290769 0.586677
0.029341 0.600727
0.029605 0.590434
0.029869 0.595716
0.030133 0.635083
0.030397 0.624022
0.030661 0.613236
0.030925 0.575769
0.0311891 0.62165
0.0314531 0.578882
0.0317171 0.594803
0.0319811 0.579358
0.0322451 0.570015
0.0325091 0.566719
0.0327732 0.604805
0.0330372 0.556646
0.0333012 0.557481
0.0335652 0.590115
0.0338292 0.573873
0.0340932 0.552066
0.0343572 0.572631
0.0346213 0.563822
0.0348853 0.533214
0.0351493 0.524324
0.0354133 0.531502
0.0356773 0.538788
0.0359413 0.53485
0.0362053 0.543873
0.0364694 0.521232
0.0367334 0.523931
0.0369974 0.535363
0.0372614 0.540555
0.0375254 0.515353
0.0377894 0.514226
0.0380534 0.507878
0.0383175 0.498795
0.0385815 0.51279
0.0388455 0.490169
0.0391095 0.506217
0.0393735 0.487445
0.0396375 0.516194
0.0399015 0.518549
0.0401656 0.447685
0.0404296 0.498557
0.0406936 0.466325
0.0409576 0.496825
0.0412216 0.483581
0.0414856 0.508769
0.0417497 0.481345
0.0420137 0.471015
0.0422777 0.466113
0.0425417 0.452018
0.0428057 0.443663
0.0430697 0.450691
0.0433337 0.453645
0.0435978 0.478886
0.0438618 0.476195
0.0441258 0.449779
0.0443898 0.44099
0.0446538 0.45725
0.0449178 0.440132
0.0451818 0.445505
0.0454459 0.424667
0.0457099 0.425756
0.0459739 0.388678
0.0462379 0.420713
0.0465019 0.414495
0.0467659 0.415447
0.0470299 0.443568
0.047294 0.424642
0.047558 0.411535
0.047822 0.401373
0.048086 0.407245
0.04835 0.403346
0.048614 0.390994
0.048878 0.399365
0.0491421 0.392168
0.0494061 0.391624
0.0496701 0.393289
0.0499341 0.391426
0.0501981 0.376422
0.0504621 0.378736
0.0507262 0.372645
0.0509902 0.37743
0.0512542 0.374769
0.0515182 0.371629
0.0517822 0.364082
0.0520462 0.368476
0.0523102 0.365081
0.0525743 0.358902
0.0528383 0.348809
0.0531023 0.350438
0.0533663 0.353717
0.0536303 0.351691
0.0538943 0.344375
0.0541583 0.346156
0.0544224 0.337979
0.0546864 0.337406
0.0549504 0.326431
0.0552144 0.339744
0.0554784 0.332603
0.0557424 0.327906
0.0560064 0.323264
0.0562705 0.330244
0.0565345 0.325457
0.0567985 0.322679
0.0570625 0.320676
0.0573265 0.316578
0.0575905 0.308967
0.0578545 0.31388
0.0581186 0.309572
0.0583826 0.308754
0.0586466 0.307082
0.0589106 0.305102
0.0591746 0.299001
0.0594386 0.300087
0.0597026 0.294293
0.0599667 0.300386
0.0602307 0.287415
0.0604947 0.287457
0.0607587 0.292701
0.0610227 0.28438
0.0612867 0.284867
0.0615508 0.284966
0.0618148 0.281821
0.0620788 0.276627
0.0623428 0.275514
0.0626068 0.278999
0.0628708 0.275769
0.0631348 0.267241
0.0633989 0.26492
0.0636629 0.266634
0.0639269 0.268576
0.0641909 0.261759
0.0644549 0.266874
0.0647189 0.262242
0.0649829 0.265717
0.065247 0.254424
0.065511 0.256835
0.065775 0.254515
0.066039 0.255074
0.066303 0.25555
0.066567 0.251549
0.066831 0.235802
0.0670951 0.239558
0.0673591 0.246658
0.0676231 0.24421
0.0678871 0.240715
0.0681511 0.238864
0.0684151 0.238173
0.0686791 0.22955
0.0689432 0.233702
0.0692072 0.232664
0.0694712 0.231361
0.0697352 0.236388
0.0699992 0.226859
0.0702632 0.231765
0.0705273 0.22979
0.0707913 0.222738
0.0710553 0.22269
0.0713193 0.22209
0.0715833 0.22394
0.0718473 0.219295
0.0721113 0.220654
0.0723754 0.214116
0.0726394 0.216881
0.0729034 0.217935
0.0731674 0.21256
0.0734314 0.217186
0.0736954 0.212037
0.0739594 0.210225
0.0742235 0.208051
0.0744875 0.205046
0.0747515 0.201374
0.0750155 0.202772
0.0752795 0.203566
0.0755435 0.203889
0.0758075 0.195999
0.0760716 0.200325
0.0763356 0.199404
0.0765996 0.198299
0.0768636 0.196676
0.0771276 0.191439
0.0773916 0.19129
0.0776556 0.199405
0.0779197 0.191141
0.0781837 0.187647
0.0784477 0.188996
0.0787117 0.189511
0.0789757 0.191532
0.0792397 0.186531
0.0795037 0.184254
0.0797678 0.18509
0.0800318 0.179941
0.0802958 0.183211
0.0805598 0.180312
0.0808238 0.178674
0.0810878 0.17643
0.0813519 0.181721
0.0816159 0.170827
0.0818799 0.17321
0.0821439 0.17262
0.0824079 0.171234
0.0826719 0.170269
0.0829359 0.173452
0.0832 0.172661
0.083464 0.170269
0.083728 0.166205
0.083992 0.165038
0.084256 0.163505
0.08452 0.166686
0.084784 0.16112
0.0850481 0.164345
0.0853121 0.159519
0.0855761 0.162621
0.0858401 0.162391
0.0861041 0.158231
0.0863681 0.159697
0.0866321 0.155371
0.0868962 0.15761
0.0871602 0.155349
0.0874242 0.155221
0.0876882 0.153846
0.0879522 0.154981
0.0882162 0.15599
0.0884802 0.147286
0.0887443 0.153762
0.0890083 0.15175
0.0892723 0.154351
0.0895363 0.150845
0.0898003 0.150641
0.0900643 0.150756
0.0903284 0.146799
0.0905924 0.14949
0.0908564 0.148962
0.0911204 0.142512
0.0913844 0.141934
0.0916484 0.144022
0.0919124 0.142903
0.0921765 0.139734
0.0924405 0.137865
0.0927045 0.140738
0.0929685 0.142059
0.0932325 0.137758
0.0934965 0.138484
0.0937605 0.135066
0.0940246 0.138979
0.0942886 0.138844
0.0945526 0.135813
0.0948166 0.138041
0.0950806 0.13094
0.0953446 0.13099
0.0956086 0.132265
0.0958727 0.129315
0.0961367 0.132841
0.0964007 0.129322
0.0966647 0.125338
0.0969287 0.132711
0.0971927 0.128054
0.0974567 0.129514
0.0977208 0.124848
0.0979848 0.124366
0.0982488 0.128595
0.0985128 0.121231
0.0987768 0.12384
0.0990408 0.12503
0.0993049 0.122242
0.0995689 0.120755
0.0998329 0.11966
0.100097 0.117689
0.100361 0.119125
0.100625 0.120216
0.100889 0.119522
0.101153 0.117936
0.101417 0.113192
0.101681 0.117162
0.101945 0.114616
0.102209 0.118449
0.102473 0.114526
0.102737 0.11584
0.103001 0.116494
0.103265 0.11596
0.103529 0.115019
0.103793 0.110209
0.104057 0.111419
0.104321 0.112205
0.104585 0.110737
0.104849 0.111433
0.105113 0.114636
0.105377 0.110781
0.105641 0.111899
0.105905 0.107079
0.106169 0.107355
0.106433 0.107
0.106697 0.109181
0.106961 0.111586
0.107225 0.107387
0.107489 0.104297
0.107753 0.107632
0.108017 0.103691
0.108281 0.103421
0.108545 0.107756
0.108809 0.104088
0.109073 0.104677
0.109337 0.104961
0.109601 0.099691
0.109865 0.100758
0.110129 0.101402
0.110393 0.0973976
0.110657 0.0997705
0.110921 0.101479
0.111186 0.101298
0.11145 0.0998945
0.111714 0.0976417
0.111978 0.0971047
0.112242 0.0983374
0.112506 0.0963916
0.11277 0.0985889
0.113034 0.0991596
0.113298 0.0958649
0.113562 0.0952514
0.113826 0.0941834
0.11409 0.0985381
0.114354 0.0953365
0.114618 0.0939746
0.114882 0.0925098
0.115146 0.0927014
0.11541 0.0931926
0.115674 0.0922277
0.115938 0.0893381
0.116202 0.092314
0.116466 0.0903981
0.11673 0.0907631
0.116994 0.0932035
0.117258 0.0902596
0.117522 0.0889985
0.117786 0.0883224
0.11805 0.0890605
0.118314 0.0885773
0.118578 0.0881548
0.118842 0.0890144
0.119106 0.0854411
0.11937 0.0880365
0.119634 0.0870521
0.119898 0.0853781
0.120162 0.089029
0.120426 0.0832834
0.12069 0.0860786
0.120954 0.0829169
0.121218 0.0862015
0.121482 0.0823479
0.121746 0.0833452
0.12201 0.0820409
0.122274 0.0827841
0.122538 0.0819854
0.122802 0.0827843
0.123066 0.0823194
0.12333 0.0811415
0.123594 0.0828026
0.123858 0.0787175
0.124122 0.080758
0.124386 0.0828065
0.12465 0.0843602
0.124914 0.0799201
0.125178 0.0778304
0.125442 0.0779886
0.125706 0.0772526
0.12597 0.0784684
0.126234 0.0774592
0.126498 0.0793533
0.126762 0.0780619
0.127026 0.0759479
0.12729 0.0774744
0.127554 0.0803298
0.127818 0.0787338
0.128082 0.0764211
0.128346 0.0747924
0.12861 0.0756306
0.128874 0.073998
0.129139 0.0765659
0.129403 0.07575
0.129667 0.0740874
0.129931 0.0750011
0.130195 0.0760272
0.130459 0.0720914
0.130723 0.0726642
0.130987 0.0709783
0.131251 0.071905
0.131515 0.0724659
0.131779 0.0699554
0.132043 0.0715559
0.132307 0.0721955
0.132571 0.0706059
0.132835 0.0725618
0.133099 0.0714185
0.133363 0.0715756
0.133627 0.0696296
0.133891 0.0684166
0.134155 0.0706946
0.134419 0.0681399
0.134683 0.0686125
0.134947 0.0685099
0.135211 0.0660016
0.135475 0.0675254
0.135739 0.0693699
0.136003 0.0628497
0.136267 0.0686304
0.136531 0.0701155
0.136795 0.0693345
0.137059 0.0683546
0.137323 0.0649621
0.137587 0.0664803
0.137851 0.0665736
0.138115 0.0657096
0.138379 0.0641636
0.138643 0.0635505
0.138907 0.0640599
0.139171 0.0644625
0.139435 0.0654543
0.139699 0.0648576
0.139963 0.0657116
0.140227 0.0630688
0.140491 0.0655619
0.140755 0.0632121
0.141019 0.0630373
0.141283 0.0640224
0.141547 0.0665582
0.141811 0.0627235
0.142075 0.0631043
0.142339 0.0645236
0.142603 0.0618242
0.142867 0.0625275
0.143131 0.0629206
0.143395 0.0637497
0.143659 0.0620651
0.143923 0.062628
0.144187 0.0611541
0.144451 0.0597929
0.144715 0.0598413
0.144979 0.0602149
0.145243 0.0599644
0.145507 0.0586156
0.145771 0.0586207
0.146035 0.0586337
0.146299 0.0581598
0.146563 0.0593636
0.146827 0.0590336
0.147092 0.0616964
0.147356 0.0555601
0.14762 0.0584436
0.147884 0.054792
0.148148 0.0584871
0.148412 0.0584061
0.148676 0.0546321
0.14894 0.0572285
0.149204 0.058043
0.149468 0.0560189
0.149732 0.0568195
0.149996 0.0555249
0.15026 0.0550337
0.150524 0.0545438
0.150788 0.0557214
0.151052 0.0561721
0.151316 0.0556231
0.15158 0.0548452
0.151844 0.05551
0.152108 0.0526802
0.152372 0.0552907
0.152636 0.0568927
0.1529 0.0536559
0.153164 0.0534862
0.153428 0.0569353
0.153692 0.0523585
0.153956 0.0532091
0.15422 0.0525395
0.154484 0.0502942
0.154748 0.0546902
0.155012 0.053143
0.155276 0.0526746
0.15554 0.0520528
0.155804 0.0511979
0.156068 0.0521099
0.156332 0.0507009
0.156596 0.0495556
0.15686 0.0522507
0.157124 0.0512261
0.157388 0.0522517
0.157652 0.0512979
0.157916 0.0497499
0.15818 0.05095
0.158444 0.0551542
0.158708 0.0518079
0.158972 0.0507539
0.159236 0.0491549
0.1595 0.0515691
0.159764 0.0470525
0.160028 0.0500719
0.160292 0.0493231
0.160556 0.0511429
0.16082 0.0479595
0.161084 0.047633
0.161348 0.0511226
0.161612 0.047383
0.161876 0.0492216
0.16214 0.0472105
0.162404 0.0475111
0.162668 0.0504249
0.162932 0.0483499
0.163196 0.048519
0.16346 0.0490538
0.163724 0.0483396
0.163988 0.0474394
0.164252 0.0494911
0.164516 0.0482571
0.16478 0.0472269
0.165045 0.0488062
0.165309 0.046736
0.165573 0.0492386
0.165837 0.046036
0.166101 0.0459354
0.166365 0.047216
0.166629 0.0443015
0.166893 0.0459771
0.167157 0.0462842
0.167421 0.047409
0.167685 0.044316
0.167949 0.0458465
0.168213 0.0453769
0.168477 0.0431711
0.168741 0.04814
0.169005 0.0455316
0.169269 0.046353
0.169533 0.0432687
0.169797 0.0424674
0.170061 0.0460806
0.170325 0.0422915
0.170589 0.0425894
0.170853 0.043522
0.171117 0.0421728
0.171381 0.0458834
0.171645 0.045205
0.171909 0.0429778
0.172173 0.044847
0.172437 0.0430523
0.172701 0.0426759
0.172965 0.0427005
0.173229 0.0406535
0.173493 0.044542
0.173757 0.044006
0.174021 0.0415586
0.174285 0.042795
0.174549 0.0427872
0.174813 0.0416861
0.175077 0.0439019
0.175341 0.0434057
0.175605 0.0420756
0.175869 0.0412343
0.176133 0.0405073
0.176397 0.0415855
0.176661 0.043387
0.176925 0.0447809
0.177189 0.0403425
0.177453 0.0383639
0.177717 0.039623
0.177981 0.0399958
0.178245 0.0385379
0.178509 0.041854
0.178773 0.0383916
0.179037 0.0424579
0.179301 0.0403901
0.179565 0.0395752
0.179829 0.0388013
0.180093 0.0396586
0.180357 0.0387915
0.180621 0.0399175
0.180885 0.0401188
0.181149 0.0405718
0.181413 0.0410022
0.181677 0.0404479
0.181941 0.0389804
0.182205 0.0405667
0.182469 0.0387229
0.182733 0.04094
0.182998 0.0387595
0.183262 0.0386376
0.183526 0.0369585
0.18379 0.0363606
0.184054 0.0381874
0.184318 0.0410681
0.184582 0.0367876
0.184846 0.0393963
0.18511 0.0390291
0.185374 0.0364502
0.185638 0.0390475
0.185902 0.0343603
0.186166 0.0387829
0.18643 0.038117
0.186694 0.0384538
0.186958 0.0391895
0.187222 0.037097
0.187486 0.0364676
0.18775 0.0353549
0.188014 0.0347279
0.188278 0.0367927
0.188542 0.0362459
0.188806 0.0376909
0.18907 0.0369716
0.189334 0.0386468
0.189598 0.0373206
0.189862 0.0358182
0.190126 0.0383626
0.19039 0.0398101
0.190654 0.0342463
0.190918 0.034602
0.191182 0.0364526
0.191446 0.0362299
0.19171 0.0351745
0.191974 0.0359268
0.192238 0.0362055
0.192502 0.0345162
0.192766 0.0363401
0.19303 0.0359789
0.193294 0.0364371
0.193558 0.0343041
0.193822 0.0332281
0.194086 0.0377255
0.19435 0.0346506
0.194614 0.0359294
0.194878 0.033426
0.195142 0.0350499
0.195406 0.0354858
0.19567 0.0353069
0.195934 0.0365772
0.196198 0.0341254
0.196462 0.0339299
0.196726 0.0331204
0.19699 0.0372203
0.197254 0.035158
0.197518 0.033927
0.197782 0.0349166
0.198046 0.0297707
0.19831 0.0349114
0.198574 0.0355745
0.198838 0.0320121
0.199102 0.0345109
0.199366 0.0330951
0.19963 0.0334137
0.199894 0.0328572
0.200158 0.0338258
0.200422 0.0339697
0.200686 0.034935
0.200951 0.0328878
0.201215 0.0342216
0.201479 0.0333789
0.201743 0.0313932
0.202007 0.0332848
0.202271 0.0324376
0.202535 0.035658
0.202799 0.0324991
0.203063 0.0324364
0.203327 0.0338905
0.203591 0.0340022
0.203855 0.036086
0.204119 0.032986
0.204383 0.0317341
0.204647 0.0347545
0.204911 0.0306694
0.205175 0.0321955
0.205439 0.0340375
0.205703 0.0316815
0.205967 0.0321996
0.206231 0.0323022
0.206495 0.0310034
0.206759 0.0325566
0.207023 0.0346904
0.207287 0.0319974
0.207551 0.0319782
0.207815 0.0338459
0.208079 0.0319009
0.208343 0.0322178
0.208607 0.0307454
0.208871 0.0300081
0.209135 0.0321087
0.209399 0.0324707
0.209663 0.0325854
0.209927 0.0318019
0.210191 0.0310522
0.210455 0.0324411
0.210719 0.0286221
0.210983 0.0283651
0.211247 0.0321029
0.211511 0.0303103
0.211775 0.0305871
0.212039 0.0312366
0.212303 0.0304925
0.212567 0.0297285
0.212831 0.030724
0.213095 0.0298436
0.213359 0.0314459
0.213623 0.0308539
0.213887 0.0306281
0.214151 0.029208
0.214415 0.0297734
0.214679 0.030771
0.214943 0.0301996
0.215207 0.0314609
0.215471 0.0312741
0.215735 0.0323579
0.215999 0.0302776
0.216263 0.0290916
0.216527 0.032811
0.216791 0.0301536
0.217055 0.0314416
0.217319 0.0287019
0.217583 0.0293571
0.217847 0.0295139
0.218111 0.0277653
0.218375 0.0274
0.218639 0.0287586
0.218903 0.0267013
0.219168 0.0322765
0.219432 0.029396
0.219696 0.027882
0.21996 0.028744
0.220224 0.0271965
0.220488 0.0268927
0.220752 0.0285156
0.221016 0.0288206
0.22128 0.0303248
0.221544 0.0293465
0.221808 0.028071
0.222072 0.0280178
0.222336 0.0257763
0.2226 0.0269372
0.222864 0.0267951
0.223128 0.0262226
0.223392 0.0279447
0.223656 0.0298113
0.22392 0.0255069
0.224184 0.0294271
0.224448 0.0292967
0.224712 0.0262485
0.224976 0.0255177
0.22524 0.0308306
0.225504 0.0279683
0.225768 0.0283866
0.226032 0.0264039
0.226296 0.0283941
0.22656 0.0247808
0.226824 0.0294416
0.227088 0.0278113
0.227352 0.0300013
0.227616 0.027922
0.22788 0.0281014
0.228144 0.0292714
0.228408 0.0274084
0.228672 0.0291246
0.228936 0.027788
0.2292 0.026781
0.229464 0.0287967
0.229728 0.0278195
0.229992 0.0259736
0.230256 0.027885
0.23052 0.0272164
0.230784 0.0310659
0.231048 0.0274454
0.231312 0.0291634
0.231576 0.0266384
0.23184 0.0258969
0.232104 0.0303886
0.232368 0.0285296
0.232632 0.0252018
0.232896 0.0263704
0.23316 0.0258141
0.233424 0.0294032
0.233688 0.0235657
0.233952 0.0268176
0.234216 0.0280396
0.23448 0.0251584
0.234744 0.0283523
0.235008 0.0250798
0.235272 0.024795
0.235536 0.0254902
0.2358 0.0256305
0.236064 0.0262035
0.236328 0.0255583
0.236592 0.0230781
0.236856 0.0260727
0.237121 0.0248697
0.237385 0.0249791
0.237649 0.0280418
0.237913 0.0235587
0.238177 0.0276866
0.238441 0.0270464
0.238705 0.0236857
0.238969 0.0257439
0.239233 0.0244522
0.239497 0.024632
0.239761 0.0253441
0.240025 0.0248317
0.240289 0.0281181
0.240553 0.0265188
0.240817 0.024947
0.241081 0.0261548
0.241345 0.0229906
0.241609 0.0248184
0.241873 0.0238442
0.242137 0.0250806
0.242401 0.0270971
0.242665 0.0254749
0.242929 0.0254161
0.243193 0.0269041
0.243457 0.0255095
0.243721 0.0248314
0.243985 0.0245568
0.244249 0.025266
0.244513 0.0257992
0.244777 0.025192
0.245041 0.0271209
0.245305 0.0246141
0.245569 0.0238723
0.245833 0.0257521
0.246097 0.0268455
0.246361 0.0261856
0.246625 0.0251449
0.246889 0.0264918
0.247153 0.0241652
0.247417 0.0220227
0.247681 0.0236507
0.247945 0.0236631
0.248209 0.0236561
0.248473 0.0249285
0.248737 0.02437
0.249001 0.0239836
0.249265 0.022061
0.249529 0.022175
0.249793 0.0236836
0.250057 0.0237797
0.250321 0.0251546
0.250585 0.0220074
0.250849 0.0237417
0.251113 0.0242395
0.251377 0.0215084
0.251641 0.0231961
0.251905 0.024154
0.252169 0.0242039
0.252433 0.0222667
0.252697 0.0265136
0.252961 0.0229877
0.253225 0.0232448
0.253489 0.0237151
0.253753 0.0252745
0.254017 0.0239496
0.254281 0.0247869
0.254545 0.0249616
0.254809 0.024686
0.255074 0.0223046
0.255338 0.0243715
0.255602 0.0219986
0.255866 0.0233781
0.25613 0.021607
0.256394 0.0211879
0.256658 0.0248841
0.256922 0.0235053
0.257186 0.0246089
0.25745 0.0221397
0.257714 0.0209941
0.257978 0.023567
0.258242 0.0208339
0.258506 0.0238201
0.25877 0.0219977
0.259034 0.022125
0.259298 0.0224907
0.259562 0.024798
0.259826 0.0232321
0.26009 0.0224439
0.260354 0.0205454
0.260618 0.0219496
0.260882 0.0200539
0.261146 0.021087
0.26141 0.0239073
0.261674 0.0213419
0.261938 0.0229557
0.262202 0.0213896
0.262466 0.0202996
0.26273 0.0218789
0.262994 0.0218105
0.263258 0.0234764
0.263522 0.0224568
0.263786 0.0220547
0.26405 0.0237898
0.264314 0.023193
0.264578 0.0220549
0.264842 0.0219189
0.265106 0.0212451
0.26537 0.022312
0.265634 0.0224394
0.265898 0.0223603
0.266162 0.0239886
0.266426 0.0223017
0.26669 0.0239319
0.266954 0.0216365
0.267218 0.0225531
0.267482 0.0232439
0.267746 0.0211337
0.26801 0.0188806
0.268274 0.0231484
0.268538 0.0228579
0.268802 0.0220334
0.269066 0.0223623
0.26933 0.0222031
0.269594 0.0189017
0.269858 0.0244378
0.270122 0.0229377
0.270386 0.0236976
0.27065 0.0232914
0.270914 0.0229251
0.271178 0.0216851
0.271442 0.0229959
0.271706 0.0220007
0.27197 0.0221549
0.272234 0.0205054
0.272498 0.0218577
0.272762 0.0203525
0.273027 0.0219216
0.273291 0.0198615
0.273555 0.0203341
0.273819 0.0196851
0.274083 0.018448
0.274347 0.0254289
0.274611 0.0210084
0.274875 0.0190506
0.275139 0.0233124
0.275403 0.0203156
0.275667 0.0219856
0.275931 0.0240742
0.276195 0.0236231
0.276459 0.021685
0.276723 0.0222747
0.276987 0.0207246
0.277251 0.021931
0.277515 0.0227264
0.277779 0.0223151
0.278043 0.0200908
0.278307 0.0202389
0.278571 0.0201146
0.278835 0.0214756
0.279099 0.0203901
0.279363 0.0206967
0.279627 0.0235458
0.279891 0.0191601
0.280155 0.0194236
0.280419 0.0203497
0.280683 0.0225684
0.280947 0.0221417
0.281211 0.0189476
0.281475 0.0218106
0.281739 0.0204017
0.282003 0.0213471
0.282267 0.020483
0.282531 0.0187319
0.282795 0.0191455
0.283059 0.021436
0.283323 0.0194236
0.283587 0.019133
0.283851 0.0200728
0.284115 0.021037
0.284379 0.0199545
0.284643 0.01878
0.284907 0.0207552
0.285171 0.0225247
0.285435 0.0199541
0.285699 0.021173
0.285963 0.0212999
0.286227 0.0203154
0.286491 0.020812
0.286755 0.0236442
0.287019 0.0190296
0.287283 0.0186935
0.287547 0.0215754
0.287811 0.0200526
0.288075 0.0191483
0.288339 0.0205465
0.288603 0.0211305
0.288867 0.021964
0.289131 0.0205675
0.289395 0.0185515
0.289659 0.0218554
0.289923 0.0207727
0.290187 0.020148
0.290451 0.0194031
0.290715 0.0187989
0.29098 0.0189747
0.291244 0.0189381
0.291508 0.0192757
0.291772 0.0206746
0.292036 0.0209067
0.2923 0.0214146
0.292564 0.0194825
0.292828 0.0190542
0.293092 0.0213434
0.293356 0.0192485
0.29362 0.0171346
0.293884 0.0198434
0.294148 0.0204251
0.294412 0.0196146
0.294676 0.0199492
0.29494 0.0184843
0.295204 0.0177379
0.295468 0.0196683
0.295732 0.0216376
0.295996 0.0192599
0.29626 0.0184126
0.296524 0.0174511
0.296788 0.0196604
0.297052 0.0209
0.297316 0.0203804
0.29758 0.019088
0.297844 0.019829
0.298108 0.0191298
0.298372 0.0178525
0.298636 0.0203193
0.2989 0.0213166
0.299164 0.0200161
0.299428 0.0185895
0.299692 0.0198446
0.299956 0.0176726
0.30022 0.021179
0.300484 0.0186821
0.300748 0.0245925
0.301012 0.017032
0.301276 0.0190855
0.30154 0.0203405
0.301804 0.0210167
0.302068 0.0188214
0.302332 0.0172716
0.302596 0.017482
0.30286 0.0195463
0.303124 0.0193069
0.303388 0.0190831
0.303652 0.0181881
0.303916 0.0176754
0.30418 0.0184939
0.304444 0.0182866
0.304708 0.0183652
0.304972 0.0188301
0.305236 0.0165001
0.3055 0.0197233
0.305764 0.0202331
0.306028 0.0189009
0.306292 0.0204835
0.306556 0.0192165
0.30682 0.017767
0.307084 0.0164375
0.307348 0.0191015
0.307612 0.0186605
0.307876 0.0185836
0.30814 0.0184183
0.308404 0.0190425
0.308668 0.0196351
0.308933 0.016041
0.309197 0.021381
0.309461 0.0171281
0.309725 0.020084
0.309989 0.0187608
0.310253 0.0185161
0.310517 0.0172814
0.310781 0.0191256
0.311045 0.0172294
0.311309 0.0177228
0.311573 0.0169786
0.311837 0.0198989
0.312101 0.0188675
0.312365 0.0211906
0.312629 0.0164779
0.312893 0.0185465
0.313157 0.0159644
0.313421 0.017024
0.313685 0.0164816
0.313949 0.0192429
0.314213 0.0174326
0.314477 0.0185881
0.314741 0.0199877
0.315005 0.0196835
0.315269 0.0169091
0.315533 0.0160046
0.315797 0.0187255
0.316061 0.0167015
0.316325 0.0181425
0.316589 0.0190286
0.316853 0.0175839
0.317117 0.017759
0.317381 0.0174901
0.317645 0.0194428
0.317909 0.0181735
0.318173 0.0164435
0.318437 0.018154
0.318701 0.016901
0.318965 0.0182109
0.319229 0.0160461
0.319493 0.0171244
0.319757 0.0183311
0.320021 0.0180154
0.320285 0.0170208
0.320549 0.0194193
0.320813 0.0171106
0.321077 0.0177359
0.321341 0.0181491
0.321605 0.0193542
0.321869 0.0176728
0.322133 0.0185484
0.322397 0.0162162
0.322661 0.0158497
0.322925 0.0183885
0.323189 0.0151301
0.323453 0.0170029
0.323717 0.019114
0.323981 0.018877
0.324245 0.0192879
0.324509 0.0156858
0.324773 0.0169446
0.325037 0.0135796
0.325301 0.0195443
0.325565 0.0177038
0.325829 0.017426
0.326093 0.0195819
0.326357 0.0163161
0.326621 0.020259
0.326886 0.0171134
0.32715 0.0175864
0.327414 0.0139822
0.327678 0.017239
0.327942 0.0163546
0.328206 0.0163739
0.32847 0.0160787
0.328734 0.0175274
0.328998 0.0182805
0.329262 0.0185901
0.329526 0.0188666
0.32979 0.0152987
0.330054 0.0130306
0.330318 0.0182703
0.330582 0.0139111
0.330846 0.0163222
0.33111 0.0184046
0.331374 0.0183696
0.331638 0.0181
0.331902 0.0155511
0.332166 0.0157816
0.33243 0.0173458
0.332694 0.0136146
0.332958 0.0168983
0.333222 0.0162352
0.333486 0.0168626
0.33375 0.0171815
0.334014 0.016941
0.334278 0.0153791
0.334542 0.0157697
0.334806 0.0126205
0.33507 0.0165971
0.335334 0.0172401
0.335598 0.0164575
0.335862 0.0163611
0.336126 0.0163532
0.33639 0.0190797
0.336654 0.0166266
0.336918 0.015078
0.337182 0.0180936
0.337446 0.0152946
0.33771 0.0180604
0.337974 0.0176579
0.338238 0.0169301
0.338502 0.0168386
0.338766 0.0148252
0.33903 0.0176589
0.339294 0.013988
0.339558 0.0169982
0.339822 0.0191208
0.340086 0.0162146
0.34035 0.0165388
0.340614 0.0165378
0.340878 0.0146275
0.341142 0.0155723
0.341406 0.0164855
0.34167 0.0157104
0.341934 0.0153642
0.342198 0.01516
0.342462 0.0163834
0.342726 0.0149124
0.34299 0.0139773
0.343254 0.0160916
0.343518 0.015498
0.343782 0.0173054
0.344046 0.0157308
0.34431 0.0165786
0.344574 0.017828
0.344838 0.0170724
0.345103 0.0187006
0.345367 0.0156921
0.345631 0.016585
0.345895 0.0170187
0.346159 0.0164729
0.346423 0.0158519
0.346687 0.0167991
0.346951 0.0188986
0.347215 0.0171971
0.347479 0.0147483
0.347743 0.0157778
0.348007 0.0159429
0.348271 0.0161937
0.348535 0.0183339
0.348799 0.0167026
0.349063 0.0157704
0.349327 0.0163026
0.349591 0.0172684
0.349855 0.0176256
0.350119 0.018301
0.350383 0.0165283
0.350647 0.0167609
0.350911 0.0172686
0.351175 0.0154724
0.351439 0.0176668
0.351703 0.0171219
0.351967 0.020769
0.352231 0.0152205
0.352495 0.016345
0.352759 0.0161596
0.353023 0.0181075
0.353287 0.0145574
0.353551 0.0133994
0.353815 0.0155661
0.354079 0.0189246
0.354343 0.0163487
0.354607 0.0149561
0.354871 0.0124649
0.355135 0.0153421
0.355399 0.0156286
0.355663 0.0148776
0.355927 0.0145188
0.356191 0.017046
0.356455 0.0153971
0.356719 0.0180349
0.356983 0.0162355
0.357247 0.0160925
0.357511 0.0163785
0.357775 0.0173142
0.358039 0.0159766
0.358303 0.0156258
0.358567 0.0165167
0.358831 0.0132081
0.359095 0.0158345
0.359359 0.0143506
0.359623 0.0132509
0.359887 0.0163016
0.360151 0.0168193
0.360415 0.016516
0.360679 0.0135521
0.360943 0.0158425
0.361207 0.0167536
0.361471 0.0142811
0.361735 0.0137874
0.361999 0.0159394
0.362263 0.0173329
0.362527 0.0150642
0.362791 0.0166629
0.363056 0.0137524
0.36332 0.0116184
0.363584 0.0159955
0.363848 0.0153484
0.364112 0.0151536
0.364376 0.0129665
0.36464 0.0165581
0.364904 0.015293
0.365168 0.0116959
0.365432 0.0164943
0.365696 0.0160942
0.36596 0.0166844
0.366224 0.0156169
0.366488 0.0153981
0.366752 0.016453
0.367016 0.0129274
0.36728 0.0164049
0.367544 0.0125471
0.367808 0.0155115
0.368072 0.0132926
0.368336 0.0158521
0.3686 0.0167783
0.368864 0.0170885
0.369128 0.012104
0.369392 0.0160822
0.369656 0.0150198
0.36992 0.0147909
0.370184 0.0129221
0.370448 0.0146386
0.370712 0.0129549
0.370976 0.0160781
0.37124 0.0159599
0.371504 0.013286
0.371768 0.0136964
0.372032 0.0161139
0.372296 0.0139105
0.37256 0.0158685
0.372824 0.0152051
0.373088 0.0157575
0.373352 0.0141609
0.373616 0.016004
0.37388 0.0156247
0.374144 0.0151044
0.374408 0.0155828
0.374672 0.0152489
0.374936 0.0139946
0.3752 0.0130474
0.375464 0.0155137
0.375728 0.0132891
0.375992 0.0153744
0.376256 0.0153658
0.37652 0.0154162
0.376784 0.0163723
0.377048 0.0161729
0.377312 0.0142761
0.377576 0.0170181
0.37784 0.014948
0.378104 0.0152129
0.378368 0.0159805
0.378632 0.0149348
0.378896 0.0145145
0.37916 0.0129386
0.379424 0.0163545
0.379688 0.0135641
0.379952 0.0157929
0.380216 0.0160769
0.38048 0.0166045
0.380744 0.0154202
0.381009 0.0157072
0.381273 0.0131614
0.381537 0.0117353
0.381801 0.0132129
0.382065 0.0156996
0.382329 0.0151898
0.382593 0.0144415
0.382857 0.0156379
0.383121 0.0134904
0.383385 0.0132933
0.383649 0.0132724
0.383913 0.0159653
0.384177 0.0123733
0.384441 0.016107
0.384705 0.014669
0.384969 0.0139302
0.385233 0.0156961
0.385497 0.0166224
0.385761 0.015168
0.386025 0.01394
0.386289 0.0153051
0.386553 0.0123481
0.386817 0.0137891
0.387081 0.0169974
0.387345 0.0151764
0.387609 0.0173729
0.387873 0.0122204
0.388137 0.0141526
0.388401 0.0166023
0.388665 0.0152889
0.388929 0.0133031
0.389193 0.0159968
0.389457 0.0153211
0.389721 0.013343
0.389985 0.0111584
0.390249 0.0122111
0.390513 0.0183146
0.390777 0.013005
0.391041 0.0148964
0.391305 0.0171213
0.391569 0.0141296
0.391833 0.0196134
0.392097 0.0140033
0.392361 0.0143298
0.392625 0.0145169
0.392889 0.0119019
0.393153 0.0165903
0.393417 0.0159575
0.393681 0.0144747
0.393945 0.0131011
0.394209 0.0139029
0.394473 0.012812
0.394737 0.0121876
0.395001 0.0138006
0.395265 0.0126735
0.395529 0.0111687
0.395793 0.0135765
0.396057 0.0115095
0.396321 0.0149544
0.396585 0.0116122
0.396849 0.0148171
0.397113 0.0135684
0.397377 0.0180726
0.397641 0.0153781
0.397905 0.0111646
0.398169 0.0160646
0.398433 0.015454
0.398697 0.0125879
0.398962 0.0147892
0.399226 0.0115956
0.39949 0.0141805
0.399754 0.0151576
0.400018 0.015759
0.400282 0.0163631
0.400546 0.013468
0.40081 0.016108
0.401074 0.0132699
0.401338 0.0150129
0.401602 0.0154591
0.401866 0.013315
0.40213 0.0142375
0.402394 0.0126575
0.402658 0.0159529
0.402922 0.0134705
0.403186 0.0143392
0.40345 0.0158479
0.403714 0.0140024
0.403978 0.0139006
0.404242 0.0146651
0.404506 0.0140282
0.40477 0.0148891
0.405034 0.0155534
0.405298 0.012452
0.405562 0.0144664
0.405826 0.0135494
0.40609 0.0116779
0.406354 0.0136319
0.406618 0.0145188
0.406882 0.0144795
0.407146 0.0151351
0.40741 0.0122782
0.407674 0.0150101
0.407938 0.0132396
0.408202 0.0160143
0.408466 0.0147915
0.40873 0.0153797
0.408994 0.0147859
0.409258 0.0132663
0.409522 0.0134199
0.409786 0.014908
0.41005 0.0174849
0.410314 0.015117
0.410578 0.016272
0.410842 0.0150711
0.411106 0.00810287
0.41137 0.0133513
0.411634 0.0179958
0.411898 0.0122879
0.412162 0.013274
0.412426 0.0123945
0.41269 0.0150846
0.412954 0.0139488
0.413218 0.0141249
0.413482 0.0159105
0.413746 0.0132349
0.41401 0.0123187
0.414274 0.0125665
0.414538 0.0113311
0.414802 0.0150291
0.415066 0.0118361
0.41533 0.013854
0.415594 0.0120955
0.415858 0.0133704
0.416122 0.0123295
0.416386 0.0144296
0.41665 0.0130169
0.416915 0.014549
0.417179 0.0114831
0.417443 0.0132006
0.417707 0.0154571
0.417971 0.017135
0.418235 0.0136762
0.418499 0.0131122
0.418763 0.01203
0.419027 0.0138932
0.419291 0.0115726
0.419555 0.0130846
0.419819 0.0111386
0.420083 0.0147758
0.420347 0.012988
0.420611 0.0138224
0.420875 0.0114455
0.421139 0.0144098
0.421403 0.0128955
0.421667 0.0140481
0.421931 0.0139853
0.422195 0.0147421
0.422459 0.0107855
0.422723 0.0136744
0.422987 0.0170844
0.423251 0.0124741
0.423515 0.013855
0.423779 0.0132513
0.424043 0.0121892
0.424307 0.014269
0.424571 0.0115369
0.424835 0.0138163
0.425099 0.0152416
0.425363 0.0116587
0.425627 0.0157972
0.425891 0.0129955
0.426155 0.0129646
0.426419 0.0135936
0.426683 0.0150864
0.426947 0.012854
0.427211 0.0138703
0.427475 0.0134092
0.427739 0.0120984
0.428003 0.0137509
0.428267 0.0127097
0.428531 0.0123855
0.428795 0.0140221
0.429059 0.0121334
0.429323 0.0142899
0.429587 0.0126314
0.429851 0.0119546
0.430115 0.0134165
0.430379 0.0109467
0.430643 0.0101388
0.430907 0.0109299
0.431171 0.0117127
0.431435 0.0132431
0.431699 0.0124329
0.431963 0.0129003
0.432227 0.0149539
0.432491 0.0132438
0.432755 0.0132746
0.433019 0.0139904
0.433283 0.0141086
0.433547 0.0102636
0.433811 0.012779
0.434075 0.0137704
0.434339 0.0103169
0.434603 0.0157986
0.434868 0.0119821
0.435132 0.0117239
0.435396 0.0123795
0.43566 0.0147109
0.435924 0.0112587
0.436188 0.0122085
0.436452 0.0121534
0.436716 0.0128036
0.43698 0.009393
0.437244 0.0140687
0.437508 0.0124031
0.437772 0.0133694
0.438036 0.0165151
0.4383 0.0120128
0.438564 0.0141948
0.438828 0.0130392
0.439092 0.0173
0.439356 0.014436
0.43962 0.00877763
0.439884 0.0115556
0.440148 0.0127788
0.440412 0.0155437
0.440676 0.0142059
0.44094 0.0130686
0.441204 0.015753
0.441468 0.012718
0.441732 0.0121319
0.441996 0.014063
0.44226 0.0148845
0.442524 0.0164466
0.442788 0.0115409
0.443052 0.015445
0.443316 0.0137741
0.44358 0.0119419
0.443844 0.0117078
0.444108 0.00980162
0.444372 0.0103665
0.444636 0.0111636
0.4449 0.0118009
0.445164 0.0102466
0.445428 0.009704
0.445692 0.0124572
0.445956 0.0132519
0.44622 0.0153203
0.446484 0.0134025
0.446748 0.0126674
0.447012 0.0114682
0.447276 0.0132499
0.44754 0.0138834
0.447804 0.0134157
0.448068 0.0111195
0.448332 0.0123999
0.448596 0.014109
0.44886 0.0113929
0.449124 0.0147128
0.449388 0.0122901
0.449652 0.0108669
0.449916 0.0123805
0.45018 0.00725838
0.450444 0.011477
0.450708 0.0151024
0.450972 0.009306
0.451236 0.0108026
0.4515 0.0129222
0.451764 0.0104697
0.452028 0.0115506
0.452292 0.012981
0.452556 0.0113869
