0.0200903 0.583375 0.0230994
0.0203186 0.575428 0.0223892
0.020547 0.570689 0.0218322
0.0207754 0.565171 0.0215728
0.0210038 0.541803 0.0205323
0.0212322 0.515966 0.020076
0.0214606 0.495652 0.0188546
0.0216889 0.493126 0.0180095
0.0219173 0.495689 0.0175577
0.0221457 0.487118 0.0165302
0.0223741 0.476188 0.0162971
0.0226025 0.477115 0.0156042
0.0228309 0.462292 0.0151443
0.0230592 0.425497 0.0146683
0.0232876 0.447086 0.0138305
0.023516 0.45212 0.0135057
0.0237444 0.448426 0.0128742
0.0239728 0.45616 0.0125223
0.0242012 0.453766 0.0121905
0.0244295 0.467066 0.011959
0.0246579 0.484469 0.0118154
0.0248863 0.461212 0.0114619
0.0251147 0.455895 0.0112934
0.0253431 0.440998 0.0110561
0.0255715 0.42808 0.0108649
0.0257998 0.435937 0.0107518
0.0260282 0.415312 0.0104978
0.0262566 0.414474 0.0104468
0.026485 0.394654 0.0101741
0.0267134 0.389615 0.0100354
0.0269418 0.407892 0.00993634
0.0271701 0.423038 0.00978192
0.0273985 0.413089 0.00972743
0.0276269 0.402928 0.00946043
0.0278553 0.38866 0.00941086
0.0280837 0.371895 0.00931765
0.0283121 0.368157 0.00920245
0.0285404 0.375412 0.00914974
0.0287688 0.381392 0.00889869
0.0289972 0.373428 0.00888898
0.0292256 0.367786 0.00876491
0.029454 0.371225 0.00866111
0.0296824 0.371971 0.00856328
0.0299107 0.370614 0.00839217
0.0301391 0.361243 0.0084176
0.0303675 0.347995 0.00826443
0.0305959 0.333442 0.00819966
0.0308243 0.330672 0.00811874
0.0310527 0.326874 0.00802823
0.031281 0.32574 0.00796882
0.0315094 0.323389 0.00784592
0.0317378 0.313515 0.00778995
0.0319662 0.312775 0.0076954
0.0321946 0.310935 0.0076306
0.032423 0.30108 0.00758231
0.0326513 0.303629 0.00747282
0.0328797 0.305865 0.00744772
0.0331081 0.304592 0.00735118
0.0333365 0.295529 0.00731114
0.0335649 0.292508 0.00720989
0.0337933 0.286678 0.00717088
0.0340216 0.284171 0.00712942
0.03425 0.292895 0.00704146
0.0344784 0.289498 0.00702663
0.0347068 0.288975 0.00693671
0.0349352 0.283974 0.006875
0.0351636 0.27472 0.00679118
0.0353919 0.273049 0.00671355
0.0356203 0.275386 0.00671315
0.0358487 0.269737 0.00664768
0.0360771 0.2656 0.00660535
0.0363055 0.269106 0.00654246
0.0365339 0.264471 0.0064804
0.0367622 0.254006 0.00645414
0.0369906 0.24618 0.00637523
0.037219 0.243555 0.00638042
0.0374474 0.239598 0.00627794
0.0376758 0.248305 0.00625475
0.0379042 0.241977 0.00628412
0.0381325 0.246218 0.00616477
0.0383609 0.245606 0.00615375
0.0385893 0.245838 0.00608812
0.0388177 0.246178 0.00607909
0.0390461 0.240006 0.00605012
0.0392744 0.237388 0.00596931
0.0395028 0.229108 0.00598562
0.0397312 0.229528 0.00591608
0.0399596 0.224374 0.00591288
0.040188 0.223606 0.00584382
0.0404164 0.22072 0.00578503
0.0406447 0.226594 0.00578823
0.0408731 0.220505 0.00572045
0.0411015 0.217991 0.00573612
0.0413299 0.216 0.00566915
0.0415583 0.217371 0.00565743
0.0417867 0.209529 0.00564894
0.042015 0.207751 0.00556105
0.0422434 0.215625 0.00558097
0.0424718 0.205357 0.00551192
0.0427002 0.20228 0.00552298
0.0429286 0.205417 0.00547582
0.043157 0.206548 0.00541974
0.0433853 0.203292 0.00543774
0.0436137 0.190654 0.0053864
0.0438421 0.189418 0.00537631
0.0440705 0.188134 0.0053208
0.0442989 0.1838 0.00528345
0.0445273 0.185026 0.00530483
0.0447556 0.178412 0.00525637
0.044984 0.181514 0.0052516
0.0452124 0.184185 0.00519534
0.0454408 0.186423 0.00517758
0.0456692 0.186328 0.0051808
0.0458976 0.179063 0.00511606
0.0461259 0.175592 0.00511365
0.0463543 0.170069 0.00506332
0.0465827 0.166677 0.00507542
0.0468111 0.166057 0.0050462
0.0470395 0.166475 0.00500323
0.0472679 0.167972 0.00502029
0.0474962 0.173212 0.00498415
0.0477246 0.174983 0.00498715
0.047953 0.178211 0.00496195
0.0481814 0.171008 0.00496491
0.0484098 0.164912 0.00503257
0.0486382 0.167209 0.00501029
0.0488665 0.156734 0.00501743
0.0490949 0.157523 0.00498702
0.0493233 0.153228 0.00262111
0.0495517 0.153037 0.00261702
0.0497801 0.153524 0.00261222
0.0500085 0.151161 0.00260982
0.0502368 0.146021 0.00259195
0.0504652 0.144818 0.00260031
0.0506936 0.149313 0.00259625
0.050922 0.147979 0.00259602
0.0511504 0.14447 0.00260202
0.0513788 0.146891 0.00258715
0.0516071 0.14685 0.00258557
0.0518355 0.145644 0.00257403
0.0520639 0.13785 0.00256682
0.0522923 0.133293 0.00257042
0.0525207 0.131108 0.0025614
0.0527491 0.131667 0.00257068
0.0529774 0.13247 0.00254451
0.0532058 0.128006 0.00255466
0.0534342 0.128621 0.00254937
0.0536626 0.134957 0.00254128
0.053891 0.132424 0.00254195
0.0541194 0.131315 0.00253657
0.0543477 0.12789 0.00254358
0.0545761 0.127189 0.00252405
0.0548045 0.126563 0.00251872
0.0550329 0.127037 0.00251222
0.0552613 0.124132 0.00250192
0.0554897 0.123276 0.0025168
0.055718 0.120193 0.0024966
0.0559464 0.120663 0.00249794
0.0561748 0.122184 0.00264746
0.0564032 0.120396 0.00140814
0.0566316 0.118995 0.0014092
0.05686 0.116308 0.00139843
0.0570883 0.117595 0.00140364
0.0573167 0.117314 0.0013907
0.0575451 0.117081 0.0013939
0.0577735 0.118869 0.0013943
0.0580019 0.117426 0.00138288
0.0582303 0.11538 0.00140048
0.0584586 0.114036 0.0013888
0.058687 0.112658 0.00138885
0.0589154 0.110866 0.00137906
0.0591438 0.110606 0.00137756
0.0593722 0.110082 0.00138279
0.0596006 0.1079 0.00137178
0.0598289 0.109835 0.00137783
0.0600573 0.109392 0.00136756
0.0602857 0.105657 0.00137144
0.0605141 0.106439 0.00137311
0.0607425 0.106108 0.00135785
0.0609709 0.10505 0.00136775
0.0611992 0.103817 0.00135943
0.0614276 0.103443 0.00135723
0.061656 0.105293 0.00136406
0.0618844 0.103265 0.00134952
0.0621128 0.103298 0.0013607
0.0623412 0.102296 0.0013502
0.0625695 0.100239 0.00134964
0.0627979 0.0994558 0.00134444
0.0630263 0.0985242 0.00134551
0.0632547 0.09825 0.00134926
0.0634831 0.0986931 0.00134119
0.0637114 0.0994662 0.00134224
0.0639398 0.0986054 0.00134206
0.0641682 0.0944785 0.00133556
0.0643966 0.0953874 0.00134067
0.064625 0.0962511 0.00132491
0.0648534 0.0949551 0.00133608
0.0650817 0.0938769 0.00133101
0.0653101 0.0944034 0.00133335
0.0655385 0.0938111 0.00132753
0.0657669 0.0933362 0.00132132
0.0659953 0.0922797 0.00132812
0.0662237 0.0903589 0.00131885
0.066452 0.0916803 0.00131922
0.0666804 0.0922034 0.00131684
0.0669088 0.0903297 0.0013158
0.0671372 0.0881977 0.00131621
0.0673656 0.0890229 0.00130629
0.067594 0.0873174 0.00131051
0.0678223 0.0857654 0.0013117
0.0680507 0.0865615 0.00130586
0.0682791 0.0856105 0.00130629
0.0685075 0.0833446 0.00129315
0.0687359 0.0827626 0.00129952
0.0689643 0.0821091 0.00129893
0.0691926 0.0827869 0.00129796
0.069421 0.0838415 0.00129896
0.0696494 0.085588 0.00129378
0.0698778 0.0847146 0.00129683
0.0701062 0.0835315 0.00128648
0.0703346 0.0830477 0.00128798
0.0705629 0.0825446 0.00129019
0.0707913 0.0820628 0.00128265
0.0710197 0.081862 0.00129054
0.0712481 0.0815585 0.00127801
0.0714765 0.0798428 0.00127638
0.0717049 0.0784963 0.00128178
0.0719332 0.0797783 0.00127654
0.0721616 0.07947 0.0012772
0.07239 0.0772951 0.0012709
0.0726184 0.0787582 0.00127522
0.0728468 0.0778649 0.00126902
0.0730752 0.0774138 0.00126784
0.0733035 0.0772246 0.00126585
0.0735319 0.0766597 0.00126537
0.0737603 0.0759092 0.00126883
0.0739887 0.0762103 0.00125879
0.0742171 0.0736557 0.00125845
0.0744455 0.0734392 0.00125327
0.0746738 0.0739272 0.0012562
0.0749022 0.0743726 0.00125953
0.0751306 0.0721734 0.00125497
0.075359 0.0713272 0.00125235
0.0755874 0.0692545 0.00124635
0.0758158 0.0710028 0.0012478
0.0760441 0.0689709 0.0012436
0.0762725 0.0684866 0.00124199
0.0765009 0.0710389 0.00124877
0.0767293 0.072268 0.00124209
0.0769577 0.0713375 0.00124311
0.0771861 0.0697871 0.00123845
0.0774144 0.0671645 0.00123527
0.0776428 0.0666508 0.0012351
0.0778712 0.0666492 0.00123332
0.0780996 0.0688669 0.00123332
0.078328 0.0693822 0.0012287
0.0785564 0.0686995 0.00123216
0.0787847 0.0680812 0.00122938
0.0790131 0.0668323 0.00122336
0.0792415 0.0678649 0.00122469
0.0794699 0.0677235 0.00122475
0.0796983 0.0673789 0.00122589
0.0799267 0.0679057 0.00121835
0.080155 0.0662071 0.00121504
0.0803834 0.0658362 0.001221
0.0806118 0.0638049 0.00121793
0.0808402 0.0636423 0.00121921
0.0810686 0.063198 0.00120935
0.081297 0.0625475 0.00121022
0.0815253 0.0632708 0.00121324
0.0817537 0.0630374 0.00120759
0.0819821 0.0630746 0.00120822
0.0822105 0.0622715 0.00120259
0.0824389 0.0623943 0.00120936
0.0826673 0.0627892 0.00120149
0.0828956 0.0633123 0.00119835
0.083124 0.0622831 0.00120141
0.0833524 0.0609154 0.00119422
0.0835808 0.05907 0.00120234
0.0838092 0.0597932 0.00119717
0.0840376 0.0603223 0.00119483
0.0842659 0.0582012 0.00120086
0.0844943 0.0590654 0.00119075
0.0847227 0.0603358 0.00119387
0.0849511 0.0607262 0.00118517
0.0851795 0.0598898 0.00118508
0.0854079 0.0589615 0.00119184
0.0856362 0.0583515 0.00118516
0.0858646 0.0585492 0.00118918
0.086093 0.0567677 0.00117936
0.0863214 0.0568369 0.00118532
0.0865498 0.0563111 0.00118607
0.0867781 0.0559697 0.00117637
0.0870065 0.0552054 0.0011754
0.0872349 0.0561043 0.00117533
0.0874633 0.0569449 0.00117492
0.0876917 0.0564391 0.00117515
0.0879201 0.0558697 0.00117213
0.0881484 0.0574342 0.0011714
0.0883768 0.0564877 0.00117097
0.0886052 0.0555374 0.00117124
0.0888336 0.0547857 0.00116614
0.089062 0.0546834 0.00116689
0.0892904 0.053816 0.00116901
0.0895187 0.0540492 0.00116681
0.0897471 0.0545126 0.00116443
0.0899755 0.0527197 0.00116014
0.0902039 0.0526143 0.00116316
0.0904323 0.0526051 0.00116107
0.0906607 0.0531614 0.00115999
0.090889 0.05449 0.00115762
0.0911174 0.0528258 0.001155
0.0913458 0.0506085 0.00115764
0.0915742 0.05017 0.00115294
0.0918026 0.0518323 0.00114911
0.092031 0.0518772 0.00115535
0.0922593 0.0523249 0.0011504
0.0924877 0.0513335 0.00114773
0.0927161 0.0516235 0.00114248
0.0929445 0.0501885 0.0011471
0.0931729 0.0514383 0.00114695
0.0934013 0.0501195 0.00114678
0.0936296 0.0498011 0.00114464
0.093858 0.0510969 0.00113814
0.0940864 0.0489882 0.00114033
0.0943148 0.0484089 0.00113799
0.0945432 0.0490552 0.00113899
0.0947716 0.048122 0.00113629
0.0949999 0.0468609 0.0011374
0.0952283 0.0469731 0.00113624
0.0954567 0.0480151 0.00113406
0.0956851 0.0477834 0.00113432
0.0959135 0.0480115 0.00113388
0.0961419 0.0478143 0.00113028
0.0963702 0.0471815 0.00113081
0.0965986 0.0468708 0.00112182
0.096827 0.0487138 0.001129
0.0970554 0.0478638 0.00112798
0.0972838 0.0471552 0.00112597
0.0975122 0.0462443 0.00112609
0.0977405 0.0479191 0.00112293
0.0979689 0.0456894 0.00112823
0.0981973 0.0446231 0.00111924
0.0984257 0.0452877 0.00111983
0.0986541 0.0440389 0.00112075
0.0988825 0.0446262 0.00111756
0.0991108 0.0451988 0.00112191
0.0993392 0.0445558 0.001117
0.0995676 0.0446194 0.00111559
0.099796 0.0448868 0.00111652
0.100024 0.044792 0.00111028
0.100253 0.0465477 0.00111936
0.100481 0.0457558 0.00110899
0.10071 0.0451055 0.00111547
0.100938 0.0440885 0.00111487
0.101166 0.0443769 0.00110605
0.101395 0.0431448 0.00110861
0.101623 0.0413266 0.00110621
0.101851 0.0423478 0.00110595
0.10208 0.0447454 0.00111018
0.102308 0.0452905 0.00110228
0.102537 0.0439646 0.00110385
0.102765 0.0413997 0.00110619
0.102993 0.0422474 0.00110286
0.103222 0.0415114 0.00110319
0.10345 0.0424654 0.00109849
0.103679 0.0421448 0.00109961
0.103907 0.0409437 0.0010994
0.104135 0.0401014 0.00109491
0.104364 0.0402546 0.00109588
0.104592 0.0411738 0.0011005
0.10482 0.0412168 0.00109316
0.105049 0.0404506 0.00109738
0.105277 0.0387609 0.00108782
0.105506 0.0392862 0.00108996
0.105734 0.0402348 0.00109611
0.105962 0.0395706 0.00108427
0.106191 0.0403818 0.00109338
0.106419 0.0399272 0.0010896
0.106647 0.0382994 0.00108267
0.106876 0.038256 0.00108983
0.107104 0.0387382 0.00108062
0.107333 0.0385088 0.00108509
0.107561 0.0376394 0.00108406
0.107789 0.0383911 0.00107918
0.108018 0.0386282 0.00108402
0.108246 0.0367977 0.00107446
0.108475 0.0371508 0.00108599
0.108703 0.0388563 0.00108113
0.108931 0.0398932 0.00107911
0.10916 0.0408583 0.00108034
0.109388 0.0405808 0.00107878
0.109616 0.0381451 0.00107775
0.109845 0.0380371 0.00107554
0.110073 0.0382871 0.00107416
0.110302 0.0374985 0.00107237
0.11053 0.0373308 0.00107442
0.110758 0.0383317 0.00107104
0.110987 0.0374057 0.00107046
0.111215 0.0359828 0.0010674
0.111444 0.0359515 0.00107086
0.111672 0.0355886 0.00107317
0.1119 0.0368642 0.00106782
0.112129 0.0356309 0.00106532
0.112357 0.0360112 0.00106915
0.112585 0.0368998 0.0010631
0.112814 0.0371818 0.00106655
0.113042 0.0377122 0.00106206
0.113271 0.0375363 0.00106315
0.113499 0.0356023 0.00107043
0.113727 0.0345058 0.00105722
0.113956 0.0342729 0.00106285
0.114184 0.0345809 0.0010587
0.114413 0.03554 0.00106312
0.114641 0.0336506 0.00106363
0.114869 0.0333369 0.00105188
0.115098 0.0353405 0.00105585
0.115326 0.0354422 0.00105615
0.115554 0.0333675 0.00105313
0.115783 0.0350309 0.00105947
0.116011 0.0358317 0.00105018
0.11624 0.0340512 0.00105624
0.116468 0.0341605 0.00105375
0.116696 0.0341509 0.00104934
0.116925 0.034158 0.00105255
0.117153 0.0353852 0.00105351
0.117381 0.0347243 0.00105005
0.11761 0.033114 0.00104994
0.117838 0.0341542 0.00104433
0.118067 0.034 0.00104855
0.118295 0.0338685 0.00105076
0.118523 0.0338357 0.00104362
0.118752 0.0336014 0.00104657
0.11898 0.0342422 0.0010416
0.119209 0.0342505 0.00104556
0.119437 0.0328366 0.00104912
0.119665 0.03264 0.00103858
0.119894 0.0325169 0.00104076
0.120122 0.0314191 0.00104429
0.12035 0.0319498 0.00103921
0.120579 0.0335217 0.00104418
0.120807 0.0328146 0.00103163
0.121036 0.0327094 0.00104267
0.121264 0.0310382 0.00103882
0.121492 0.0308126 0.00103261
0.121721 0.0324857 0.00103959
0.121949 0.0318668 0.00102924
0.122178 0.0320243 0.00103772
0.122406 0.0307915 0.00103571
0.122634 0.0307802 0.0010275
0.122863 0.0318555 0.00103328
0.123091 0.0328945 0.001034
0.123319 0.0332425 0.00103277
0.123548 0.0326462 0.00103272
0.123776 0.0326197 0.00102774
0.124005 0.0307388 0.00102948
0.124233 0.0301508 0.00102493
0.124461 0.0302865 0.00102826
0.12469 0.0294717 0.00102543
0.124918 0.0301938 0.00102361
0.125147 0.0320958 0.0010307
0.125375 0.0313365 0.00102528
0.125603 0.029036 0.00102352
0.125832 0.02864 0.00102186
0.12606 0.0306832 0.0010268
0.126288 0.0305509 0.001018
0.126517 0.0293494 0.00102237
0.126745 0.0292962 0.00101945
0.126974 0.0294583 0.00102055
0.127202 0.0297648 0.00102537
0.12743 0.0289012 0.0010147
0.127659 0.0294477 0.00101972
0.127887 0.0308257 0.00101593
0.128116 0.031314 0.0010186
0.128344 0.0307437 0.00102024
0.128572 0.0293385 0.00100626
0.128801 0.0284328 0.00101613
0.129029 0.0273328 0.00101484
0.129257 0.0282923 0.00100829
0.129486 0.0288155 0.00101654
0.129714 0.0288905 0.00100654
0.129943 0.0294234 0.0010163
0.130171 0.0304028 0.00101404
0.130399 0.0295558 0.00100891
0.130628 0.0308482 0.0010122
0.130856 0.0311842 0.00100929
0.131084 0.0296418 0.00100987
0.131313 0.0284072 0.00100837
0.131541 0.0284834 0.00100222
0.13177 0.02775 0.00100894
0.131998 0.0266618 0.00100351
0.132226 0.0265209 0.00100388
0.132455 0.0273683 0.00100409
0.132683 0.0277498 0.00100282
0.132912 0.0270385 0.00100513
0.13314 0.0262332 0.00100269
0.133368 0.0257335 0.000998434
0.133597 0.0270498 0.000999891
0.133825 0.0268222 0.00100368
0.134053 0.0259291 0.000995038
0.134282 0.0249406 0.00100037
0.13451 0.0253102 0.000994908
0.134739 0.0269712 0.000997246
0.134967 0.0269105 0.000997512
0.135195 0.02634 0.000992835
0.135424 0.0280788 0.000997011
0.135652 0.0274278 0.000993034
0.135881 0.0269874 0.000996602
0.136109 0.0261069 0.000993891
0.136337 0.0248882 0.000988291
0.136566 0.0247774 0.000995078
0.136794 0.0248609 0.000991686
0.137022 0.0262868 0.000987582
0.137251 0.0270532 0.000992634
0.137479 0.0245875 0.000985185
0.137708 0.0243506 0.000991322
0.137936 0.0253005 0.000987515
0.138164 0.0266102 0.000985928
0.138393 0.026202 0.000989728
0.138621 0.0252555 0.000987108
0.13885 0.0251711 0.000987938
0.139078 0.0247629 0.000982722
0.139306 0.0250771 0.000981466
0.139535 0.0266663 0.000986738
0.139763 0.0277531 0.000987868
0.139991 0.0276657 0.000982277
0.14022 0.0266954 0.000982598
0.140448 0.0256689 0.000981091
0.140677 0.0256714 0.000980075
0.140905 0.0262032 0.000983512
0.141133 0.0259868 0.000979858
0.141362 0.0250486 0.000981092
0.14159 0.0255951 0.000986349
0.141818 0.026654 0.00097526
0.142047 0.0261403 0.000982854
0.142275 0.0238735 0.000976472
0.142504 0.0233157 0.000979423
0.142732 0.0239231 0.000979465
0.14296 0.0238734 0.000971648
0.143189 0.0246158 0.000979029
0.143417 0.0243294 0.000972051
0.143646 0.0234045 0.00097944
0.143874 0.0254531 0.000979228
0.144102 0.0247014 0.000971371
0.144331 0.0249557 0.000979605
0.144559 0.0247548 0.000973102
0.144787 0.023938 0.000970622
0.145016 0.0246323 0.000974949
0.145244 0.0232255 0.000968506
0.145473 0.023576 0.000974131
0.145701 0.0241217 0.000969514
0.145929 0.0243183 0.000968317
0.146158 0.0241377 0.000969757
0.146386 0.0232542 0.000966983
0.146615 0.0240222 0.000970222
0.146843 0.0235508 0.000968334
0.147071 0.0235615 0.000969046
0.1473 0.0243462 0.000967926
0.147528 0.0249426 0.000969285
0.147756 0.024962 0.000964237
0.147985 0.0241191 0.00096614
0.148213 0.0232303 0.000965245
0.148442 0.0249002 0.000964811
0.14867 0.0242965 0.000965292
0.148898 0.0224362 0.00095926
0.149127 0.0227732 0.000964543
0.149355 0.023418 0.000965115
0.149584 0.0239149 0.000962623
0.149812 0.0237448 0.000963512
0.15004 0.0248768 0.000958945
0.150269 0.0239775 0.000964603
0.150497 0.0219572 0.000961823
0.150725 0.0219348 0.0009559
0.150954 0.0227734 0.000962657
0.151182 0.0223222 0.000955863
0.151411 0.0227109 0.00096012
0.151639 0.0236248 0.000958834
0.151867 0.0232409 0.000950848
0.152096 0.0227722 0.000960691
0.152324 0.0233308 0.000952442
0.152553 0.0232691 0.000961425
0.152781 0.0230857 0.000955202
0.153009 0.0236529 0.0009546
0.153238 0.0251025 0.000958808
0.153466 0.0245882 0.000955306
0.153694 0.0233538 0.000953243
0.153923 0.0220889 0.000953089
0.154151 0.0232282 0.000952832
0.15438 0.0241338 0.000953846
0.154608 0.0230246 0.0009504
0.154836 0.0221572 0.000950523
0.155065 0.0227226 0.000951169
0.155293 0.0236114 0.000954749
0.155521 0.0229882 0.000948032
0.15575 0.0231842 0.000949106
0.155978 0.0232385 0.000949948
0.156207 0.0218269 0.000949858
0.156435 0.020914 0.00094862
0.156663 0.0195992 0.000940742
0.156892 0.0223125 0.000950594
0.15712 0.0218172 0.000946865
0.157349 0.0221818 0.000945295
0.157577 0.0215874 0.000946514
0.157805 0.0214254 0.000940077
0.158034 0.0211017 0.000947934
0.158262 0.0216337 0.000947112
0.15849 0.0223306 0.000941629
0.158719 0.0224309 0.000945042
0.158947 0.0228912 0.000942137
0.159176 0.0224345 0.000945368
0.159404 0.0217322 0.000939398
0.159632 0.0208842 0.00093748
0.159861 0.0204558 0.000944803
0.160089 0.0211669 0.000937532
0.160318 0.0210751 0.00094382
0.160546 0.0222623 0.000939092
0.160774 0.0220591 0.00093778
0.161003 0.0214074 0.00094154
0.161231 0.0204014 0.000937966
0.161459 0.021376 0.000935868
0.161688 0.0221368 0.000937475
0.161916 0.0221972 0.000936755
0.162145 0.0217597 0.000934883
0.162373 0.0198886 0.000937222
0.162601 0.0197755 0.000934008
0.16283 0.0208457 0.000937337
0.163058 0.0215468 0.000931855
0.163287 0.020394 0.000930458
0.163515 0.0200811 0.000933058
0.163743 0.0201069 0.000933386
0.163972 0.0189992 0.000933845
0.1642 0.0209625 0.000935611
0.164428 0.0203992 0.000923742
0.164657 0.0210482 0.000933889
0.164885 0.0213731 0.000927243
0.165114 0.0210678 0.000931632
0.165342 0.0210632 0.000929026
0.16557 0.0215892 0.000927565
0.165799 0.0203446 0.000931075
0.166027 0.0196898 0.000925826
0.166255 0.0198742 0.000924311
0.166484 0.0204377 0.000930191
0.166712 0.0210438 0.000926683
0.166941 0.0198168 0.000930018
0.167169 0.0206434 0.000921069
0.167397 0.0212011 0.000923697
0.167626 0.0215297 0.000928932
0.167854 0.0207291 0.000922815
0.168083 0.0208632 0.000925418
0.168311 0.0204834 0.000919623
0.168539 0.0186817 0.000921418
0.168768 0.0188431 0.000921792
0.168996 0.0188843 0.0009257
0.169224 0.0182182 0.000918494
0.169453 0.0195437 0.00091998
0.169681 0.0203554 0.000921929
0.16991 0.0202642 0.000918278
0.170138 0.0202782 0.000919043
0.170366 0.0201389 0.000916978
0.170595 0.0197549 0.000919411
0.170823 0.0213323 0.000918334
0.171052 0.0205268 0.000916503
0.17128 0.0205048 0.000919909
0.171508 0.0211865 0.000914982
0.171737 0.0193657 0.000917769
0.171965 0.0186435 0.000918949
0.172193 0.0186823 0.000912086
0.172422 0.0194043 0.000919069
0.17265 0.019692 0.000909928
0.172879 0.019568 0.000913282
0.173107 0.0182058 0.000914082
0.173335 0.0190242 0.000910354
0.173564 0.0188506 0.00091742
0.173792 0.0189897 0.000908255
0.174021 0.0185011 0.000911162
0.174249 0.0184438 0.000911677
0.174477 0.0188885 0.000907335
0.174706 0.0196978 0.000912345
0.174934 0.0193 0.000911129
0.175162 0.0196043 0.000909608
0.175391 0.0187149 0.000910457
0.175619 0.0185245 0.000906994
0.175848 0.0181894 0.000908831
0.176076 0.0186983 0.000907311
0.176304 0.0187217 0.000908605
0.176533 0.0180074 0.000909126
0.176761 0.0185674 0.000905917
0.17699 0.0183768 0.000906412
0.177218 0.0185997 0.000906069
0.177446 0.0180558 0.000906123
0.177675 0.0181723 0.000905078
0.177903 0.017402 0.000906106
0.178131 0.0186237 0.000903457
0.17836 0.0189352 0.0009083
0.178588 0.0192622 0.000903102
0.178817 0.0199332 0.000904335
0.179045 0.0199011 0.000908357
0.179273 0.0196266 0.000902062
0.179502 0.0190198 0.000906006
0.17973 0.0165489 0.000903474
0.179958 0.0171691 0.000897392
0.180187 0.0178391 0.000907743
0.180415 0.017782 0.000899829
0.180644 0.0176343 0.00090396
0.180872 0.0186731 0.000903334
0.1811 0.0187771 0.000901723
0.181329 0.0173315 0.000903182
0.181557 0.0175612 0.000897322
0.181786 0.0178008 0.000581517
0.182014 0.0182338 0.000567862
0.182242 0.0181262 0.000566989
0.182471 0.0180915 0.000567571
0.182699 0.0180557 0.000567114
0.182927 0.0181042 0.000566092
0.183156 0.0184922 0.000567923
0.183384 0.0184588 0.000566563
0.183613 0.0183391 0.000565952
0.183841 0.0180545 0.000566072
0.184069 0.0179689 0.000565432
0.184298 0.0178014 0.000566611
0.184526 0.0172903 0.000566054
0.184755 0.0175268 0.000563774
0.184983 0.0167698 0.000566069
0.185211 0.0177546 0.00056442
0.18544 0.0180666 0.000565151
0.185668 0.0179563 0.000566148
0.185896 0.0177542 0.000563109
0.186125 0.0176314 0.000566398
0.186353 0.01761 0.000563043
0.186582 0.0178411 0.000562148
0.18681 0.0177877 0.000565597
0.187038 0.0179502 0.000561014
0.187267 0.0175795 0.000565238
0.187495 0.0173637 0.000560126
0.187724 0.0173412 0.000563569
0.187952 0.0170837 0.000565349
0.18818 0.0172403 0.000561745
0.188409 0.0169266 0.000563525
0.188637 0.0164686 0.000560737
0.188865 0.0166182 0.000559985
0.189094 0.0170732 0.000562963
0.189322 0.017638 0.00055934
0.189551 0.0168218 0.000561529
0.189779 0.0169662 0.000560297
0.190007 0.0173798 0.000561114
0.190236 0.0176403 0.000560626
0.190464 0.0177266 0.000560942
0.190692 0.0171509 0.000560189
0.190921 0.0170098 0.000560549
0.191149 0.0166195 0.000558575
0.191378 0.0169402 0.000559045
0.191606 0.0160955 0.00056158
0.191834 0.016488 0.000559417
0.192063 0.0171268 0.00056028
0.192291 0.0169326 0.000557925
0.19252 0.0173474 0.000556714
0.192748 0.0172129 0.000560289
0.192976 0.0167508 0.000558508
0.193205 0.0161095 0.000581923
0.193433 0.0166478 0.000678708
0.193661 0.0165848 0.000676735
0.19389 0.0175609 0.000682252
0.194118 0.0176372 0.000677231
0.194347 0.0170625 0.000675963
0.194575 0.0169229 0.000679129
0.194803 0.0173917 0.000677263
0.195032 0.0177825 0.000680251
0.19526 0.0179743 0.000674111
0.195489 0.0184005 0.000676738
0.195717 0.0173112 0.000678858
0.195945 0.0171302 0.000673491
0.196174 0.0168968 0.000677925
0.196402 0.0168697 0.000674157
0.19663 0.0169598 0.000675091
0.196859 0.0166309 0.0006775
0.197087 0.0171865 0.000672668
0.197316 0.0167751 0.000674835
0.197544 0.0161929 0.000675474
0.197772 0.0154345 0.000674755
0.198001 0.0158977 0.000674506
0.198229 0.0167417 0.000670697
0.198458 0.0161488 0.000673689
0.198686 0.0158769 0.000674272
0.198914 0.0154965 0.000673594
0.199143 0.0163445 0.000672723
0.199371 0.0170106 0.000675128
0.199599 0.0161537 0.000671526
0.199828 0.0160695 0.000673075
0.200056 0.0154122 0.000670443
0.200285 0.0148955 0.000670314
0.200513 0.0152509 0.000675372
0.200741 0.0153029 0.000671831
0.20097 0.0164645 0.000674029
0.201198 0.0159511 0.000671348
0.201427 0.0156132 0.000673683
0.201655 0.0164518 0.000676271
0.201883 0.0157378 0.000671986
0.202112 0.0155645 0.000674932
0.20234 0.0164954 0.000673906
0.202568 0.0170085 0.000672765
0.202797 0.0167345 0.000676958
0.203025 0.0157352 0.000670302
0.203254 0.0159305 0.000676142
0.203482 0.0165154 0.000677488
0.20371 0.0170143 0.000673238
0.203939 0.0160731 0.000674662
0.204167 0.0157994 0.000674718
0.204395 0.0167 0.000675908
0.204624 0.0157702 0.000677631
0.204852 0.0157614 0.000674757
0.205081 0.0151553 0.00067576
0.205309 0.016046 0.000676911
0.205537 0.0157988 0.000674329
0.205766 0.0163212 0.000675857
0.205994 0.0155446 0.000674595
0.206223 0.0161206 0.00067682
0.206451 0.0158468 0.000677868
0.206679 0.0158215 0.000674888
0.206908 0.0161518 0.000675583
0.207136 0.0154035 0.000679109
0.207364 0.0153395 0.000674794
0.207593 0.0147178 0.00067868
0.207821 0.0146364 0.000675226
0.20805 0.0150039 0.000676328
0.208278 0.015532 0.00068228
0.208506 0.0157572 0.000675108
0.208735 0.015532 0.000681791
0.208963 0.0136419 0.000674506
0.209192 0.0143472 0.000677163
0.20942 0.0146862 0.000679708
0.209648 0.0153467 0.00067464
0.209877 0.0159445 0.000679298
0.210105 0.0155657 0.000679523
0.210333 0.0153365 0.000677986
0.210562 0.0152554 0.000680957
0.21079 0.0156714 0.000673671
0.211019 0.0161305 0.000680071
0.211247 0.0155949 0.000678083
0.211475 0.0154618 0.000677909
0.211704 0.0149851 0.000679055
0.211932 0.013828 0.000673595
0.212161 0.0153728 0.00067994
0.212389 0.0154552 0.000675551
0.212617 0.0152819 0.00067574
0.212846 0.0144717 0.000677565
0.213074 0.0148684 0.000677925
0.213302 0.0147183 0.000676682
0.213531 0.0151934 0.000676283
0.213759 0.0146231 0.000674074
0.213988 0.0148701 0.000676998
0.214216 0.0149587 0.000678078
0.214444 0.0157722 0.000675788
0.214673 0.0140128 0.000674311
0.214901 0.0138706 0.0006772
0.215129 0.0149886 0.000673208
0.215358 0.0147408 0.000676778
0.215586 0.0151942 0.000674342
0.215815 0.0151699 0.000675098
0.216043 0.0150187 0.000677955
0.216271 0.0155662 0.000671003
0.2165 0.0148543 0.000674665
0.216728 0.0144094 0.000671377
0.216957 0.0146492 0.000676235
0.217185 0.0151037 0.000677151
0.217413 0.0153997 0.000671697
0.217642 0.0144942 0.000674243
0.21787 0.014025 0.000673505
0.218098 0.0147442 0.000670157
0.218327 0.015172 0.000674402
0.218555 0.015504 0.000668252
0.218784 0.0155937 0.000673411
0.219012 0.01521 0.000671697
0.21924 0.01524 0.00066788
0.219469 0.014782 0.000671348
0.219697 0.0142157 0.000669006
0.219926 0.0137539 0.000671097
0.220154 0.0144702 0.000670038
0.220382 0.0138643 0.000666582
0.220611 0.0142161 0.000667917
0.220839 0.0143103 0.000669703
0.221067 0.0135778 0.000665677
0.221296 0.0133448 0.000667595
0.221524 0.0138601 0.000664114
0.221753 0.01405 0.000666877
0.221981 0.0138475 0.000667108
0.222209 0.01378 0.000662194
0.222438 0.015016 0.000663742
0.222666 0.014958 0.000662625
0.222895 0.0141549 0.000665014
0.223123 0.014547 0.000666115
0.223351 0.0148313 0.000657177
0.22358 0.0142086 0.000661532
0.223808 0.0141686 0.000663565
0.224036 0.0130971 0.000656577
0.224265 0.0131245 0.000660254
0.224493 0.013183 0.000651825
0.224722 0.013722 0.00065858
0.22495 0.0143508 0.000656551
0.225178 0.013887 0.000651991
0.225407 0.0143785 0.0006544
0.225635 0.0142758 0.000648975
0.225864 0.0145209 0.000653745
0.226092 0.0143588 0.000650214
0.22632 0.0137419 0.000648255
0.226549 0.0136932 0.0006512
0.226777 0.0136294 0.000651502
0.227005 0.0134254 0.000650185
0.227234 0.0125859 0.000649758
0.227462 0.012603 0.000648831
0.227691 0.0136822 0.000652722
0.227919 0.0141132 0.000649545
0.228147 0.0139334 0.000648532
0.228376 0.013788 0.00064758
0.228604 0.0133947 0.0006525
0.228832 0.013391 0.000647854
0.229061 0.0130019 0.000650977
0.229289 0.0129151 0.000647151
0.229518 0.012847 0.000648617
0.229746 0.0135155 0.000651385
0.229974 0.0132085 0.000646483
0.230203 0.0145879 0.000649477
0.230431 0.0143299 0.00064802
0.23066 0.0146427 0.000647334
0.230888 0.0148588 0.000650926
0.231116 0.0137688 0.000643149
0.231345 0.0129171 0.000649289
0.231573 0.0137212 0.000650262
0.231801 0.0144781 0.000644966
0.23203 0.0133713 0.000648048
0.232258 0.0127479 0.000642185
0.232487 0.0131292 0.000649963
0.232715 0.0131607 0.000647712
0.232943 0.0132737 0.000645271
0.233172 0.0151222 0.000647912
0.2334 0.0153735 0.000642015
0.233629 0.0137942 0.000648411
0.233857 0.0138765 0.000646458
0.234085 0.0128766 0.000644563
0.234314 0.0123205 0.000648817
0.234542 0.0130292 0.000645131
0.23477 0.0136839 0.000644045
0.234999 0.0134605 0.000642654
0.235227 0.0132308 0.000643962
0.235456 0.0130914 0.000647434
0.235684 0.0138333 0.000644582
0.235912 0.0137558 0.000642606
0.236141 0.0127336 0.000643795
0.236369 0.0129483 0.000644769
0.236598 0.0131714 0.00064382
0.236826 0.012497 0.000642766
0.237054 0.0118556 0.000641463
0.237283 0.0131643 0.000643615
0.237511 0.0137809 0.000644694
0.237739 0.0129497 0.000639186
0.237968 0.0125146 0.000642738
0.238196 0.0112018 0.000641725
0.238425 0.0117868 0.000644455
0.238653 0.0127089 0.000643383
0.238881 0.0131841 0.00063738
0.23911 0.0135416 0.000641512
0.239338 0.0146599 0.000641458
0.239566 0.0147994 0.000640392
0.239795 0.0139958 0.000642483
0.240023 0.0131977 0.000639285
0.240252 0.0129308 0.000643025
0.24048 0.0125855 0.000640277
0.240708 0.0131128 0.000639608
0.240937 0.0139862 0.000642035
0.241165 0.0147817 0.000638812
0.241394 0.0134943 0.000641746
0.241622 0.0133509 0.00063878
0.24185 0.0128315 0.000635497
0.242079 0.0125108 0.000638615
0.242307 0.0128524 0.000641065
0.242535 0.012817 0.000638715
0.242764 0.0124084 0.000638165
0.242992 0.0125927 0.000637657
0.243221 0.0121461 0.000637445
0.243449 0.0118957 0.000639528
0.243677 0.0128864 0.000635054
0.243906 0.012876 0.0006395
0.244134 0.0129146 0.000637446
0.244363 0.0129086 0.000635195
0.244591 0.013734 0.000637934
0.244819 0.0130706 0.000635395
0.245048 0.0130707 0.000638262
0.245276 0.0123449 0.000638791
0.245504 0.0117671 0.000633969
0.245733 0.0119707 0.000638072
0.245961 0.0122484 0.000635092
0.24619 0.0128332 0.000638648
0.246418 0.0133058 0.000636938
0.246646 0.0133512 0.000633234
0.246875 0.0135295 0.000639308
0.247103 0.013548 0.000633505
0.247332 0.0125806 0.000636534
0.24756 0.0120402 0.000635763
0.247788 0.012147 0.000633231
0.248017 0.0113841 0.000638549
0.248245 0.0119605 0.000633458
0.248473 0.011667 0.000634437
0.248702 0.0114319 0.000634962
0.24893 0.0118351 0.000632115
0.249159 0.0113587 0.000637006
0.249387 0.0120428 0.000634463
0.249615 0.0119915 0.000634003
0.249844 0.0115541 0.000634323
0.250072 0.0117234 0.000633268
0.250301 0.0122549 0.000634192
0.250529 0.0119066 0.000632249
0.250757 0.0129043 0.000634858
0.250986 0.0129672 0.000633911
0.251214 0.0125132 0.000634831
0.251442 0.0122229 0.000630594
0.251671 0.0118421 0.000633686
0.251899 0.0123644 0.000633903
0.252128 0.012372 0.000631863
0.252356 0.0129879 0.000632625
0.252584 0.0135035 0.000630678
0.252813 0.013713 0.000633438
0.253041 0.0138349 0.000634135
0.253269 0.0135686 0.000627531
0.253498 0.0125436 0.000633083
0.253726 0.01205 0.000628678
0.253955 0.0118324 0.000632183
0.254183 0.0117454 0.00063324
0.254411 0.0117352 0.000628522
0.25464 0.0127066 0.000634345
0.254868 0.0127176 0.000629795
0.255097 0.0123042 0.00063142
0.255325 0.0122189 0.000629806
0.255553 0.0116184 0.000628565
0.255782 0.0119603 0.000630852
0.25601 0.01239 0.000629302
0.256238 0.0114955 0.000629263
0.256467 0.0121185 0.000630906
0.256695 0.013194 0.000630469
0.256924 0.0128869 0.000630454
0.257152 0.0124941 0.000627982
0.25738 0.0112626 0.00062882
0.257609 0.0114198 0.000630006
0.257837 0.011674 0.00062898
0.258066 0.0122824 0.00062784
0.258294 0.0121704 0.000628012
0.258522 0.0113242 0.000627137
0.258751 0.0116624 0.000628377
0.258979 0.0117093 0.000630054
0.259207 0.0120788 0.000624282
0.259436 0.0125491 0.000630165
0.259664 0.0126623 0.000628737
0.259893 0.0122677 0.000627166
0.260121 0.0125322 0.000629411
0.260349 0.0122772 0.000624188
0.260578 0.0121417 0.000630842
0.260806 0.0111661 0.000626026
0.261035 0.011152 0.000626512
0.261263 0.0114049 0.000627638
0.261491 0.0120198 0.000624509
0.26172 0.0119778 0.0006291
0.261948 0.0111881 0.000625655
0.262176 0.0123354 0.000624182
0.262405 0.0122407 0.000628206
0.262633 0.0116241 0.000625903
0.262862 0.0115651 0.000627358
0.26309 0.011445 0.000623438
0.263318 0.0114957 0.000624543
0.263547 0.0110921 0.000626826
0.263775 0.0109807 0.000625028
0.264003 0.0111039 0.000624757
0.264232 0.0113132 0.000625275
0.26446 0.0109323 0.000624612
0.264689 0.0118842 0.000624403
0.264917 0.0120096 0.000623922
0.265145 0.012127 0.000623891
0.265374 0.0121376 0.000625718
0.265602 0.0118714 0.000625129
0.265831 0.0109476 0.000621751
0.266059 0.0109917 0.000624585
0.266287 0.0108848 0.000624151
0.266516 0.0117 0.000625586
0.266744 0.0119867 0.000625457
0.266972 0.0123549 0.0006189
0.267201 0.0124109 0.000624888
0.267429 0.0121505 0.000624275
0.267658 0.0118419 0.000624588
0.267886 0.0122253 0.000622989
0.268114 0.0127974 0.000620825
0.268343 0.0116807 0.000626728
0.268571 0.011777 0.000621105
0.2688 0.012013 0.00062338
0.269028 0.0114213 0.000623822
0.269256 0.0120543 0.000620008
0.269485 0.0118217 0.000625994
0.269713 0.0110468 0.000620905
0.269941 0.011288 0.000620497
0.27017 0.0108865 0.00062316
0.270398 0.0111953 0.000621317
0.270627 0.0118659 0.000624102
0.270855 0.0113637 0.000620663
0.271083 0.0117088 0.000621112
0.271312 0.0112571 0.000622909
0.27154 0.0109818 0.000621423
0.271769 0.0112214 0.000622685
0.271997 0.0110008 0.000620592
0.272225 0.0109882 0.000623412
0.272454 0.0110417 0.000620254
0.272682 0.0113834 0.000621692
0.27291 0.0118499 0.000618074
0.273139 0.0121911 0.000621998
0.273367 0.0110267 0.00062216
0.273596 0.0110442 0.000619649
0.273824 0.0109724 0.00062222
0.274052 0.0109213 0.000619005
0.274281 0.0112591 0.000621028
0.274509 0.0117481 0.000620578
0.274737 0.0118656 0.000616418
0.274966 0.0117041 0.000624103
0.275194 0.0113628 0.000618335
0.275423 0.0110488 0.000620568
0.275651 0.0113118 0.000617955
0.275879 0.0121289 0.000616671
0.276108 0.0123708 0.000623218
0.276336 0.0117225 0.000616658
0.276565 0.0115942 0.000618888
0.276793 0.0120275 0.000619075
0.277021 0.0118944 0.000616015
0.27725 0.0115419 0.000621535
0.277478 0.0117214 0.000617009
0.277706 0.010584 0.000618169
0.277935 0.0108471 0.000619389
0.278163 0.0116904 0.000617149
0.278392 0.010874 0.000619329
0.27862 0.0109918 0.000616832
0.278848 0.0100419 0.000618678
0.279077 0.0104391 0.000620271
0.279305 0.0118062 0.0006178
0.279534 0.011749 0.000617665
0.279762 0.0119287 0.000616543
0.27999 0.0111989 0.000618383
0.280219 0.0106256 0.000617203
0.280447 0.0103498 0.000619122
0.280675 0.0109308 0.000615055
0.280904 0.0115961 0.000619152
0.281132 0.0114731 0.00061744
0.281361 0.0110567 0.000616763
0.281589 0.0108419 0.000618785
0.281817 0.0109046 0.000614363
0.282046 0.0114243 0.000619092
0.282274 0.0116145 0.000615686
0.282503 0.0117037 0.000616429
0.282731 0.0117875 0.000618262
0.282959 0.0113437 0.000614162
0.283188 0.0109054 0.000618023
0.283416 0.0104353 0.000616638
0.283644 0.0110104 0.000614066
0.283873 0.0116018 0.000619203
0.284101 0.0109906 0.000613846
0.28433 0.0121153 0.00061696
0.284558 0.0114585 0.000617192
0.284786 0.0106595 0.000617034
0.285015 0.0103341 0.000617258
0.285243 0.0101799 0.000613058
0.285472 0.011049 0.000616375
0.2857 0.0109661 0.00061596
0.285928 0.009886 0.000616569
0.286157 0.0112658 0.000615794
0.286385 0.011024 0.000616352
0.286613 0.0112825 0.0006149
0.286842 0.0125032 0.000616857
0.28707 0.0111729 0.000614555
0.287299 0.0101956 0.000614666
0.287527 0.0103876 0.000617091
0.287755 0.0108644 0.000615205
0.287984 0.0101218 0.000614831
0.288212 0.0110178 0.000617351
0.28844 0.0110985 0.000613045
0.288669 0.0105738 0.000617425
0.288897 0.0108702 0.000613972
0.289126 0.0109108 0.000612908
0.289354 0.0100644 0.000616934
0.289582 0.00990363 0.000610214
0.289811 0.0103916 0.000617289
0.290039 0.0115841 0.000610749
0.290268 0.0118353 0.000614682
0.290496 0.0111176 0.00061648
0.290724 0.0103755 0.000611586
0.290953 0.0105121 0.000615237
0.291181 0.0113381 0.000611932
0.291409 0.0114693 0.000613371
0.291638 0.0111183 0.000617092
0.291866 0.010727 0.000611422
0.292095 0.0104311 0.000614838
0.292323 0.010604 0.000612286
0.292551 0.0113636 0.000612318
0.29278 0.0118618 0.000614177
0.293008 0.0109956 0.000609343
0.293237 0.0109203 0.000614472
0.293465 0.0108339 0.00061226
0.293693 0.0107904 0.000611598
0.293922 0.0107975 0.000610977
0.29415 0.0106843 0.000613002
0.294378 0.0107209 0.000611882
0.294607 0.0107823 0.000612665
0.294835 0.0113669 0.000611602
0.295064 0.0115471 0.000610228
0.295292 0.0111863 0.000614117
0.29552 0.0101985 0.000611606
0.295749 0.0105248 0.000611715
0.295977 0.010722 0.000610932
0.296206 0.0114855 0.000610557
0.296434 0.0119641 0.000613571
0.296662 0.0114997 0.000609869
0.296891 0.0113158 0.000610431
0.297119 0.0108818 0.000612352
0.297347 0.0107349 0.000609831
0.297576 0.0103248 0.000614351
0.297804 0.00992171 0.000609691
0.298033 0.00997348 0.000610852
0.298261 0.0104099 0.000611286
0.298489 0.0104443 0.000608611
0.298718 0.00948095 0.000612706
0.298946 0.00972003 0.000611466
0.299174 0.0104152 0.000609825
0.299403 0.0108807 0.000612034
0.299631 0.0105188 0.000607802
0.29986 0.0103767 0.000610492
0.300088 0.0112528 0.000611691
0.300316 0.0112223 0.000609472
0.300545 0.0113773 0.000609489
0.300773 0.0113982 0.000608178
0.301002 0.0112667 0.000610992
0.30123 0.0113723 0.000611442
0.301458 0.0112714 0.00060986
0.301687 0.0106185 0.000607229
0.301915 0.0101483 0.000611909
0.302143 0.00981942 0.000608485
0.302372 0.0107132 0.000609446
0.3026 0.010271 0.000608729
0.302829 0.0100778 0.000607752
0.303057 0.0102698 0.000611498
0.303285 0.0101376 0.000607246
0.303514 0.0104444 0.000610171
0.303742 0.0110016 0.000607338
0.303971 0.0113582 0.000608923
0.304199 0.0103713 0.000612586
0.304427 0.010831 0.000605649
0.304656 0.0117199 0.000608835
0.304884 0.01071 0.000611228
0.305112 0.0107088 0.000606792
0.305341 0.0100768 0.000611092
0.305569 0.0101952 0.000604071
0.305798 0.0102168 0.000608562
0.306026 0.010491 0.000609051
0.306254 0.0110887 0.000606349
0.306483 0.0110496 0.000608703
0.306711 0.0105162 0.000604712
0.30694 0.0106318 0.000609302
0.307168 0.0105377 0.000609208
0.307396 0.0106077 0.000607045
0.307625 0.0103691 0.000607668
0.307853 0.0106263 0.000606855
0.308081 0.0106023 0.000607209
0.30831 0.0105629 0.000608175
0.308538 0.0104715 0.000606046
0.308767 0.0114092 0.000608668
0.308995 0.0110639 0.000607514
0.309223 0.0114778 0.000605671
0.309452 0.0118664 0.000606397
0.30968 0.011552 0.000606878
0.309909 0.011466 0.000607912
0.310137 0.0109179 0.000608526
0.310365 0.0105557 0.000604749
0.310594 0.0104865 0.000605989
0.310822 0.00998786 0.000609022
0.31105 0.00984 0.000605089
0.311279 0.0105095 0.000608275
0.311507 0.0104006 0.000604585
0.311736 0.00956395 0.000607506
0.311964 0.00965029 0.000609345
0.312192 0.00988745 0.000601932
0.312421 0.0101531 0.000607291
0.312649 0.0101256 0.000607569
0.312877 0.00927666 0.000605158
0.313106 0.0103803 0.000608405
0.313334 0.0115499 0.000602382
0.313563 0.010816 0.000607142
0.313791 0.00978669 0.000605037
0.314019 0.0101856 0.000605886
0.314248 0.0102996 0.000607432
0.314476 0.00962318 0.000602509
0.314705 0.009227 0.000607334
0.314933 0.0113529 0.000604598
0.315161 0.0119412 0.000603429
0.31539 0.0116585 0.000605489
0.315618 0.0106646 0.00060606
0.315846 0.0105247 0.00060652
0.316075 0.0107685 0.000605103
0.316303 0.0103451 0.000604851
0.316532 0.00977572 0.00060518
0.31676 0.0105798 0.000606731
0.316988 0.0103895 0.00060458
0.317217 0.0102407 0.000604298
0.317445 0.0105548 0.000605318
0.317674 0.0111765 0.00060462
0.317902 0.0101095 0.00060628
0.31813 0.0102137 0.000602789
0.318359 0.00976428 0.00060316
0.318587 0.00922872 0.000607708
0.318815 0.00930862 0.000601443
0.319044 0.00820645 0.000605574
0.319272 0.00858348 0.000601152
0.319501 0.00942917 0.000604802
0.319729 0.0101075 0.0006068
0.319957 0.0101744 0.000601958
0.320186 0.0110726 0.000605883
0.320414 0.0110279 0.000601443
0.320643 0.010788 0.000604012
0.320871 0.0105496 0.000605698
0.321099 0.00913051 0.000600472
0.321328 0.00821428 0.000605517
0.321556 0.00850526 0.000603923
0.321784 0.00960972 0.000602743
0.322013 0.00921138 0.000603625
0.322241 0.010163 0.000600412
0.32247 0.0104568 0.000604152
0.322698 0.00980983 0.000603252
0.322926 0.0102426 0.000600862
0.323155 0.0107436 0.000601795
0.323383 0.00942958 0.000603754
0.323611 0.00936588 0.000602737
0.32384 0.00948577 0.000603102
0.324068 0.00901443 0.000601618
0.324297 0.00974645 0.000602237
0.324525 0.00982729 0.000604
0.324753 0.00907397 0.000601528
0.324982 0.00999815 0.000602358
0.32521 0.0111778 0.000602005
0.325439 0.0102224 0.000602638
0.325667 0.0103352 0.000606269
0.325895 0.00937549 0.000599703
0.326124 0.00929658 0.000603286
0.326352 0.00992783 0.000603432
0.32658 0.0102162 0.000600983
0.326809 0.0101126 0.000603965
0.327037 0.0103172 0.000598951
0.327266 0.0100777 0.000604472
0.327494 0.0106544 0.000603203
0.327722 0.0104957 0.000598942
0.327951 0.00969223 0.000603955
0.328179 0.00914342 0.000598603
0.328408 0.00886248 0.000603586
0.328636 0.00964826 0.000602225
0.328864 0.00933697 0.000600275
0.329093 0.00931137 0.000603385
0.329321 0.00931582 0.000601026
0.329549 0.0102536 0.000601158
0.329778 0.00966669 0.000600202
0.330006 0.00965548 0.000600772
0.330235 0.00944702 0.00060222
0.330463 0.00933954 0.000600692
0.330691 0.00966258 0.000599415
0.33092 0.00926025 0.000599692
0.331148 0.00905229 0.000602103
0.331377 0.00906846 0.000602865
0.331605 0.0104456 0.000600486
0.331833 0.0105082 0.000598937
0.332062 0.0103508 0.000601118
0.33229 0.00999388 0.00060452
0.332518 0.00966318 0.000599452
0.332747 0.00953037 0.000602375
0.332975 0.00973828 0.000601545
0.333204 0.0100528 0.000601637
0.333432 0.00961423 0.000603029
0.33366 0.00933312 0.000597203
0.333889 0.0100487 0.000603343
0.334117 0.0100269 0.000601515
0.334346 0.0102038 0.000601185
0.334574 0.00889858 0.000604135
0.334802 0.00912914 0.000597437
0.335031 0.0093006 0.000604855
0.335259 0.00865225 0.000603118
0.335487 0.00932246 0.000599435
0.335716 0.00958529 0.000603795
0.335944 0.0090934 0.000599615
0.336173 0.00854983 0.000605229
0.336401 0.00879065 0.000602265
0.336629 0.00908068 0.000600188
0.336858 0.00919575 0.000603529
0.337086 0.00915391 0.000601745
0.337314 0.00895943 0.000602437
0.337543 0.00895474 0.000600385
0.337771 0.00951282 0.000600711
0.338 0.009816 0.000604392
0.338228 0.00984235 0.000602729
0.338456 0.00981998 0.000602138
0.338685 0.00939065 0.000602135
0.338913 0.00977395 0.000601358
0.339142 0.0095094 0.000601678
0.33937 0.00936003 0.000601448
0.339598 0.00952535 0.000601186
0.339827 0.0104429 0.000603234
0.340055 0.0105352 0.000603745
0.340283 0.00996786 0.00059762
0.340512 0.00867197 0.000602608
0.34074 0.00910594 0.000600618
0.340969 0.00930606 0.000602495
0.341197 0.00963015 0.000604152
0.341425 0.00918652 0.000598392
0.341654 0.00944518 0.000603629
0.341882 0.00928978 0.000599783
0.342111 0.00890888 0.000603546
0.342339 0.00844269 0.000603785
0.342567 0.00937946 0.000600648
0.342796 0.00980645 0.000604663
0.343024 0.00926586 0.000601885
0.343252 0.00862412 0.000599537
0.343481 0.00943445 0.000602783
0.343709 0.00925654 0.000601494
0.343938 0.0093588 0.000604671
0.344166 0.00938794 0.000601328
0.344394 0.00825206 0.000601562
0.344623 0.0079546 0.000602932
0.344851 0.00898605 0.000601134
0.34508 0.00920957 0.000603245
0.345308 0.00964871 0.000602228
0.345536 0.0102508 0.000603162
0.345765 0.00899234 0.000602788
0.345993 0.00920252 0.000603811
0.346221 0.00926268 0.000600134
0.34645 0.0081494 0.000602888
0.346678 0.00861652 0.000603258
0.346907 0.00957111 0.000600686
0.347135 0.00935674 0.000602691
0.347363 0.0090604 0.000600806
0.347592 0.00955883 0.000603217
0.34782 0.00981172 0.000605554
0.348048 0.0100319 0.000598711
0.348277 0.0100014 0.000604291
0.348505 0.0101337 0.000600094
0.348734 0.00923886 0.000603808
0.348962 0.0100528 0.000604737
0.34919 0.00987768 0.000599832
0.349419 0.009567 0.000607145
0.349647 0.00874038 0.000601197
0.349876 0.00832829 0.000604766
0.350104 0.00823343 0.000603363
0.350332 0.00888475 0.000599046
0.350561 0.00938035 0.000605649
0.350789 0.00960492 0.000602549
0.351017 0.00926448 0.000601935
0.351246 0.00913128 0.000603738
0.351474 0.00925323 0.000602012
0.351703 0.00866594 0.000605535
0.351931 0.00811989 0.000603666
0.352159 0.00883528 0.000602714
0.352388 0.00988965 0.000603726
0.352616 0.00977622 0.000602812
0.352845 0.00962808 0.000605108
0.353073 0.00948003 0.000602602
0.353301 0.0100952 0.000603805
0.35353 0.009876 0.000604202
0.353758 0.00906938 0.000605617
0.353986 0.0089536 0.000602034
0.354215 0.00895711 0.000605055
0.354443 0.00930146 0.000603589
0.354672 0.00935083 0.000603734
0.3549 0.00838388 0.000604958
0.355128 0.00850514 0.000603994
0.355357 0.00885362 0.00060672
0.355585 0.00919323 0.000602969
0.355814 0.0100036 0.000602095
0.356042 0.00989335 0.000605126
0.35627 0.0101388 0.000603137
0.356499 0.0100436 0.000606995
0.356727 0.00958794 0.000607375
0.356955 0.010019 0.000600646
0.357184 0.0101739 0.000606545
0.357412 0.00918292 0.000602746
0.357641 0.00827491 0.000605991
0.357869 0.00883398 0.000605318
0.358097 0.00839245 0.000603851
0.358326 0.0084088 0.000608102
0.358554 0.00874157 0.000603078
0.358783 0.00894771 0.000605892
0.359011 0.00815583 0.00060596
0.359239 0.00795226 0.000604009
0.359468 0.00825635 0.000607911
0.359696 0.00944389 0.00060378
0.359924 0.00912338 0.000604614
0.360153 0.00838477 0.000607212
0.360381 0.00803769 0.000607374
0.36061 0.00884846 0.000607529
0.360838 0.0101694 0.000606691
0.361066 0.00889037 0.000606955
0.361295 0.00819654 0.000606017
0.361523 0.00884486 0.000608249
0.361751 0.00843029 0.000604066
0.36198 0.00923109 0.000607935
0.362208 0.00902334 0.000607297
0.362437 0.00881855 0.000606905
0.362665 0.009352 0.000606982
0.362893 0.00896191 0.000603578
0.363122 0.0100517 0.000609652
0.36335 0.00890794 0.000606528
0.363579 0.0093892 0.000606806
0.363807 0.00983357 0.000609717
0.364035 0.0098746 0.000605482
0.364264 0.0104489 0.000608903
0.364492 0.0101789 0.00060848
0.36472 0.0108389 0.000605331
0.364949 0.010338 0.00061012
0.365177 0.00830774 0.000606795
0.365406 0.00880798 0.000607855
0.365634 0.00884426 0.000607978
0.365862 0.00932763 0.000607486
0.366091 0.0085486 0.000611074
0.366319 0.00817191 0.000607166
0.366548 0.00890983 0.000607769
0.366776 0.00878149 0.000609171
0.367004 0.00886103 0.000606871
0.367233 0.00862769 0.000609237
0.367461 0.00900769 0.000608846
0.367689 0.00894549 0.000608063
0.367918 0.00874488 0.000612146
0.368146 0.00872957 0.000608574
0.368375 0.00913772 0.000609622
0.368603 0.00980698 0.000608492
0.368831 0.00917726 0.000608488
0.36906 0.00765197 0.000612314
0.369288 0.00726595 0.000607872
0.369517 0.00822626 0.000610643
0.369745 0.00839088 0.000611062
0.369973 0.00812909 0.00060928
0.370202 0.00898625 0.000611674
0.37043 0.00919542 0.000611266
0.370658 0.00877145 0.000608855
0.370887 0.00897117 0.000613737
0.371115 0.00897078 0.000609031
0.371344 0.00900531 0.000611717
0.371572 0.00923035 0.000612318
0.3718 0.00881665 0.0006109
0.372029 0.00903414 0.000613815
0.372257 0.008775 0.000611002
0.372485 0.00842862 0.000609212
0.372714 0.00838097 0.000612228
0.372942 0.00902506 0.000612262
0.373171 0.00906574 0.000613757
0.373399 0.00907649 0.000611912
0.373627 0.00870017 0.000611909
0.373856 0.00858611 0.000614197
0.374084 0.0088374 0.00060924
0.374313 0.00860449 0.00061232
0.374541 0.00827022 0.000613643
0.374769 0.00834678 0.000613891
0.374998 0.00936843 0.000613406
0.375226 0.00946846 0.000611997
0.375454 0.00992014 0.000610954
0.375683 0.00992088 0.000614334
0.375911 0.00881783 0.000612654
0.37614 0.00849423 0.000612778
0.376368 0.00853545 0.000612285
0.376596 0.00888711 0.000611475
0.376825 0.00907358 0.000616206
0.377053 0.00915497 0.000612726
0.377282 0.0100924 0.000614495
0.37751 0.00915182 0.000615858
0.377738 0.00923183 0.000614817
0.377967 0.00970008 0.000614791
0.378195 0.00986294 0.000614611
0.378423 0.00914905 0.000613866
0.378652 0.00912131 0.000617648
0.37888 0.00922948 0.000615865
0.379109 0.00939351 0.000615652
0.379337 0.00980818 0.000616297
0.379565 0.0095302 0.000615008
0.379794 0.00910012 0.000617149
0.380022 0.00770077 0.00061408
0.380251 0.00801571 0.00061614
0.380479 0.00817218 0.000617948
0.380707 0.00857334 0.000616562
0.380936 0.00866354 0.000617049
0.381164 0.00898435 0.000617692
0.381392 0.00858494 0.000616118
0.381621 0.00827409 0.000619597
0.381849 0.0090068 0.000615794
0.382078 0.00905972 0.000617563
0.382306 0.00866671 0.000617732
0.382534 0.00821597 0.000617117
0.382763 0.00840425 0.00061918
0.382991 0.00796297 0.000616689
0.38322 0.00886206 0.000619282
0.383448 0.00900766 0.000619825
0.383676 0.00944318 0.000617786
0.383905 0.0104073 0.000618669
0.384133 0.0105744 0.000618929
0.384361 0.00942435 0.000618552
0.38459 0.00944537 0.000621794
0.384818 0.00941257 0.000618005
0.385047 0.00979574 0.000618877
0.385275 0.0087416 0.000619971
0.385503 0.00868811 0.000618234
0.385732 0.00828677 0.000620397
0.38596 0.00885757 0.000620835
0.386188 0.00882766 0.000619545
0.386417 0.00769768 0.000622429
0.386645 0.00802523 0.00062008
0.386874 0.00834045 0.000621083
0.387102 0.00878043 0.000621423
0.38733 0.00866294 0.000620302
0.387559 0.00841417 0.000623562
0.387787 0.00888515 0.000621843
0.388016 0.00817418 0.000622777
0.388244 0.00790648 0.000623102
0.388472 0.00909172 0.000621895
0.388701 0.00918578 0.00062224
0.388929 0.00863651 0.000624425
0.389157 0.00808289 0.000621865
0.389386 0.00777083 0.000625231
0.389614 0.00827432 0.00062142
0.389843 0.00826623 0.000623463
0.390071 0.00831018 0.000625645
0.390299 0.00887651 0.000624757
0.390528 0.00887349 0.000626262
0.390756 0.00864085 0.000622842
0.390985 0.00895258 0.000625675
0.391213 0.00796154 0.000627089
0.391441 0.00701837 0.000624225
0.39167 0.00689985 0.000624834
0.391898 0.00769586 0.000626531
0.392126 0.00831146 0.000625454
0.392355 0.00947328 0.000628385
0.392583 0.00850715 0.000624778
0.392812 0.00850086 0.000627317
0.39304 0.00836814 0.000629211
0.393268 0.00849411 0.000627438
0.393497 0.00790238 0.000628623
0.393725 0.00701363 0.000625631
0.393954 0.00664448 0.000629315
0.394182 0.00708414 0.000629451
0.39441 0.00793883 0.000627446
0.394639 0.0083744 0.000630075
0.394867 0.00839111 0.000630492
0.395095 0.00767111 0.000629343
0.395324 0.00686711 0.00063176
0.395552 0.00764329 0.000628715
0.395781 0.00830671 0.000630672
0.396009 0.00881463 0.000632492
0.396237 0.00897431 0.000630328
0.396466 0.00819869 0.000630363
0.396694 0.00794942 0.000632008
0.396922 0.00809735 0.00063078
0.397151 0.00861205 0.000633546
0.397379 0.00790905 0.000632511
0.397608 0.00773886 0.000633112
0.397836 0.00813708 0.000634235
0.398064 0.00837257 0.000631886
0.398293 0.00830826 0.000634626
0.398521 0.00789325 0.000631502
0.39875 0.00757595 0.000635232
0.398978 0.00770425 0.000635898
0.399206 0.00755929 0.000632218
0.399435 0.00711222 0.000633745
0.399663 0.00730914 0.000637205
0.399891 0.00730438 0.000635922
0.40012 0.00713494 0.000637411
0.400348 0.00760474 0.000634895
0.400577 0.00798705 0.000636928
0.400805 0.00832928 0.000636875
0.401033 0.00850457 0.000636063
0.401262 0.00744357 0.000638386
0.40149 0.00755402 0.00063596
0.401719 0.00883252 0.000638926
0.401947 0.00867022 0.000639855
0.402175 0.00805694 0.000635566
0.402404 0.00714606 0.000638605
0.402632 0.00704114 0.000641965
0.40286 0.00689418 0.000639674
0.403089 0.00755771 0.000641926
0.403317 0.00787926 0.000636908
0.403546 0.00834637 0.000639392
0.403774 0.00778963 0.000640203
0.404002 0.00744555 0.000638089
0.404231 0.00869185 0.000641112
0.404459 0.00867046 0.000639948
0.404688 0.00805303 0.000643268
0.404916 0.00894952 0.0006436
0.405144 0.00810692 0.000638745
0.405373 0.00605565 0.000641142
0.405601 0.00653791 0.000642658
0.405829 0.00731974 0.0006425
0.406058 0.00834132 0.000644894
0.406286 0.00859571 0.000640211
0.406515 0.00845531 0.000643591
0.406743 0.00866418 0.000647043
0.406971 0.00842708 0.000644275
0.4072 0.00888771 0.000646883
0.407428 0.00847755 0.000644103
0.407657 0.00829711 0.000646762
0.407885 0.00813863 0.000645637
0.408113 0.00761949 0.000643106
0.408342 0.00788294 0.00064892
0.40857 0.00758518 0.000649769
0.408798 0.00797637 0.000648035
0.409027 0.00773838 0.000648654
0.409255 0.00757902 0.000645154
0.409484 0.00770869 0.000649374
0.409712 0.00733402 0.000651668
0.40994 0.00706866 0.000649252
0.410169 0.00733758 0.00065102
0.410397 0.00701528 0.000651623
0.410625 0.00697291 0.000651106
0.410854 0.006787 0.000652786
0.411082 0.00750332 0.000650478
0.411311 0.0071834 0.000653831
0.411539 0.00709455 0.000655618
0.411767 0.00683905 0.000651535
0.411996 0.00683778 0.000653289
0.412224 0.00721278 0.000652412
0.412453 0.00746155 0.000657257
0.412681 0.00763382 0.000657557
0.412909 0.00794865 0.000653568
0.413138 0.00766562 0.000656375
0.413366 0.0076098 0.000657814
0.413594 0.00806014 0.000655925
0.413823 0.00826434 0.000659018
0.414051 0.00644969 0.000655974
0.41428 0.00654149 0.000659886
0.414508 0.00714149 0.000661772
0.414736 0.00645505 0.000657895
0.414965 0.00612502 0.000658243
0.415193 0.00659917 0.000659322
0.415422 0.00697352 0.000664108
0.41565 0.0070506 0.000665522
0.415878 0.00775723 0.000660726
0.416107 0.00834288 0.000662743
0.416335 0.00806206 0.00066402
0.416563 0.0076732 0.000663023
0.416792 0.00750934 0.000664945
0.41702 0.00709005 0.000662537
0.417249 0.00705058 0.000666535
0.417477 0.00741971 0.000667702
0.417705 0.00755138 0.00066358
0.417934 0.00657005 0.000666251
0.418162 0.00638391 0.000666557
0.418391 0.00713671 0.000670063
0.418619 0.00771778 0.000668972
0.418847 0.00764337 0.000663811
0.419076 0.00840214 0.000668106
0.419304 0.00866309 0.000669982
0.419532 0.00781603 0.000667889
0.419761 0.00718565 0.000670492
0.419989 0.00710766 0.000670288
0.420218 0.00690554 0.000671554
0.420446 0.00738792 0.000672242
0.420674 0.00820014 0.000668617
0.420903 0.00837246 0.000672275
0.421131 0.00804525 0.000675783
0.421359 0.00790702 0.000672838
0.421588 0.00749706 0.000675228
0.421816 0.00736835 0.000672388
0.422045 0.00692562 0.000675652
0.422273 0.00784938 0.000677431
0.422501 0.00911675 0.000674762
0.42273 0.00849226 0.000676112
0.422958 0.00713545 0.000676029
0.423187 0.00645537 0.000678418
0.423415 0.00744488 0.000677363
0.423643 0.00761223 0.000675588
0.423872 0.00741065 0.000680032
0.4241 0.00737334 0.000681958
0.424328 0.00723778 0.000679705
0.424557 0.00680105 0.000680711
0.424785 0.00750418 0.00067832
0.425014 0.00673488 0.000682149
0.425242 0.00663788 0.000684558
0.42547 0.00640068 0.000681688
0.425699 0.00745049 0.000684848
0.425927 0.00667711 0.000682509
0.426156 0.00609597 0.000685797
0.426384 0.00667871 0.000687143
0.426612 0.00701543 0.000683898
0.426841 0.00727183 0.000686994
0.427069 0.00727949 0.000691246
0.427297 0.00638289 0.000686794
0.427526 0.00715909 0.000690549
0.427754 0.00749429 0.000688303
0.427983 0.00701749 0.000691102
0.428211 0.00660443 0.000693009
0.428439 0.00649482 0.000690083
0.428668 0.00601258 0.000692289
0.428896 0.00631143 0.000691052
0.429125 0.00598095 0.000695746
0.429353 0.00621958 0.000696718
0.429581 0.00692711 0.000693668
0.42981 0.00757994 0.000699063
0.430038 0.00794092 0.000703082
0.430266 0.00754323 0.00070056
0.430495 0.00798875 0.000703854
0.430723 0.00839731 0.000702326
0.430952 0.00758054 0.000706837
0.43118 0.00808918 0.000708025
0.431408 0.00793268 0.000704383
0.431637 0.0076706 0.000708442
0.431865 0.00697529 0.000705649
0.432094 0.00655415 0.000711843
0.432322 0.00540188 0.00071022
0.43255 0.00452608 0.000710425
0.432779 0.00589577 0.00071394
0.433007 0.00768555 0.000713443
0.433235 0.00831658 0.000711768
0.433464 0.00794637 0.000715838
0.433692 0.00785089 0.000713966
0.433921 0.0072548 0.000716491
0.434149 0.00709363 0.000718746
0.434377 0.00578398 0.000717738
0.434606 0.00557471 0.000721062
0.434834 0.00617398 0.000723077
0.435062 0.00714689 0.000721002
0.435291 0.00722762 0.000725354
0.435519 0.00727485 0.000723478
0.435748 0.0063276 0.000725371
0.435976 0.00673263 0.000726151
0.436204 0.00637702 0.000725334
0.436433 0.00654822 0.000730151
0.436661 0.00692488 0.000729137
0.43689 0.0072076 0.000731977
0.437118 0.00581195 0.000732603
0.437346 0.006875 0.000729489
0.437575 0.00648045 0.000732909
0.437803 0.00628631 0.000735832
0.438031 0.00643497 0.000733354
0.43826 0.00699 0.000739618
0.438488 0.0079548 0.000736932
0.438717 0.00792543 0.000738725
0.438945 0.00815812 0.000739714
0.439173 0.00729129 0.000739431
0.439402 0.00654123 0.000743623
0.43963 0.00734846 0.000741057
0.439859 0.00674 0.000743718
0.440087 0.00690089 0.000744468
0.440315 0.00698158 0.000740823
0.440544 0.00630932 0.000745342
0.440772 0.00585889 0.000749551
0.441 0.00632934 0.000747326
0.441229 0.00710029 0.000750772
0.441457 0.00623089 0.000748218
0.441686 0.00581694 0.000750758
0.441914 0.00699589 0.000753803
0.442142 0.00653182 0.000752729
0.442371 0.00718888 0.000756857
0.442599 0.00803851 0.000753911
0.442828 0.00665708 0.000756322
0.443056 0.00494214 0.000759803
0.443284 0.00623395 0.000758657
0.443513 0.00596268 0.000763991
0.443741 0.0055366 0.000765118
0.443969 0.00557402 0.000764272
0.444198 0.00493977 0.000770174
0.444426 0.004939 0.000765597
0.444655 0.00564129 0.000771328
0.444883 0.00531638 0.000773415
0.445111 0.0066728 0.00077304
0.44534 0.00687203 0.000779805
0.445568 0.00667382 0.00078114
0.445796 0.00714577 0.000780345
0.446025 0.00628314 0.000785077
0.446253 0.00686423 0.000784302
0.446482 0.00721343 0.000789117
0.44671 0.00622146 0.000790203
0.446938 0.00560471 0.000789965
0.447167 0.00603018 0.000797145
0.447395 0.00632458 0.00079336
0.447624 0.00670848 0.00080056
0.447852 0.00637185 0.000802209
0.44808 0.00539949 0.000801188
0.448309 0.00552149 0.000805722
0.448537 0.00602697 0.000808342
0.448765 0.00600215 0.000806338
0.448994 0.00605665 0.000811188
0.449222 0.00560534 0.000813152
0.449451 0.00581325 0.000814957
0.449679 0.00666102 0.000820038
0.449907 0.00610017 0.0008202
0.450136 0.00741626 0.000822802
0.450364 0.00807354 0.000818972
0.450593 0.00673086 0.000826362
0.450821 0.00624698 0.000829774
0.451049 0.00503458 0.000828751
0.451278 0.00499258 0.000833362
0.451506 0.0061932 0.000833734
0.451734 0.00679997 0.000834586
0.451963 0.00701112 0.000839152
0.452191 0.00623946 0.000838065
0.45242 0.00616258 0.000841731
0.452648 0.00647306 0.000846145
0.452876 0.00575514 0.000845648
0.453105 0.00531238 0.000850515
0.453333 0.00709942 0.000848592
0.453562 0.00698269 0.000855291
0.45379 0.00662518 0.000854554
0.454018 0.0052836 0.000855129
0.454247 0.00576462 0.000859425
0.454475 0.00668972 0.000861997
0.454703 0.00681015 0.000861206
0.454932 0.00596677 0.000869082
0.45516 0.00588309 0.000867874
0.455389 0.0078082 0.000875465
0.455617 0.00764278 0.000879243
0.455845 0.00655171 0.000879577
